EVBidWeight_index_1	EVBidWeight_index_2	EVBidWeight_index_3	EVBidWeight
Oahu	20070517	0	0.0
Oahu	20070517	1	0.0
Oahu	20070517	2	0.0
Oahu	20070517	3	0.026079142166948274
Oahu	20070517	4	0.0
Oahu	20070517	5	0.012382396294551727
Oahu	20070517	6	0.0
Oahu	20070517	7	0.0
Oahu	20070517	8	0.0
Oahu	20070517	9	0.0
Oahu	20070517	10	0.0
Oahu	20070517	11	0.0
Oahu	20070517	12	0.0
Oahu	20070709	0	0.0
Oahu	20070709	1	0.0
Oahu	20070709	2	0.0
Oahu	20070709	3	0.0
Oahu	20070709	4	0.0
Oahu	20070709	5	0.0384615384615
Oahu	20070709	6	0.0
Oahu	20070709	7	0.0
Oahu	20070709	8	0.0
Oahu	20070709	9	0.0
Oahu	20070709	10	0.0
Oahu	20070709	11	0.0
Oahu	20070709	12	0.0
Oahu	20070721	0	0.0
Oahu	20070721	1	0.0
Oahu	20070721	2	0.0
Oahu	20070721	3	0.0
Oahu	20070721	4	0.0
Oahu	20070721	5	0.0384615384615
Oahu	20070721	6	0.0
Oahu	20070721	7	0.0
Oahu	20070721	8	0.0
Oahu	20070721	9	0.0
Oahu	20070721	10	0.0
Oahu	20070721	11	0.0
Oahu	20070721	12	0.0
Oahu	20070825	0	0.0
Oahu	20070825	1	0.0
Oahu	20070825	2	0.013069739915265785
Oahu	20070825	3	0.007757647889959831
Oahu	20070825	4	0.0
Oahu	20070825	5	0.0
Oahu	20070825	6	0.0
Oahu	20070825	7	0.005215739197921176
Oahu	20070825	8	0.0
Oahu	20070825	9	0.0
Oahu	20070825	10	0.0
Oahu	20070825	11	0.0
Oahu	20070825	12	0.01241841145835321
Oahu	20071215	0	0.0
Oahu	20071215	1	0.0
Oahu	20071215	2	0.0
Oahu	20071215	3	0.01598324573927219
Oahu	20071215	4	0.022478292722227813
Oahu	20071215	5	0.0
Oahu	20071215	6	0.0
Oahu	20071215	7	0.0
Oahu	20071215	8	0.0
Oahu	20071215	9	0.0
Oahu	20071215	10	0.0
Oahu	20071215	11	0.0
Oahu	20071215	12	0.0
Oahu	20071218	0	0.0
Oahu	20071218	1	0.0
Oahu	20071218	2	0.015294271985808924
Oahu	20071218	3	0.023167266475691076
Oahu	20071218	4	0.0
Oahu	20071218	5	0.0
Oahu	20071218	6	0.0
Oahu	20071218	7	0.0
Oahu	20071218	8	0.0
Oahu	20071218	9	0.0
Oahu	20071218	10	0.0
Oahu	20071218	11	0.0
Oahu	20071218	12	0.0
Oahu	20071219	0	0.0
Oahu	20071219	1	0.0
Oahu	20071219	2	0.015096667399142248
Oahu	20071219	3	0.0
Oahu	20071219	4	0.0
Oahu	20071219	5	0.0
Oahu	20071219	6	0.0
Oahu	20071219	7	0.0
Oahu	20071219	8	0.0
Oahu	20071219	9	0.02336487106235751
Oahu	20071219	10	0.0
Oahu	20071219	11	0.0
Oahu	20071219	12	0.0
Oahu	20080109	0	0.0
Oahu	20080109	1	0.0
Oahu	20080109	2	0.004883104647181897
Oahu	20080109	3	0.0033175866709941673
Oahu	20080109	4	0.0
Oahu	20080109	5	0.030260847143323936
Oahu	20080109	6	0.0
Oahu	20080109	7	0.0
Oahu	20080109	8	0.0
Oahu	20080109	9	0.0
Oahu	20080109	10	0.0
Oahu	20080109	11	0.0
Oahu	20080109	12	0.0
Oahu	20080421	0	0.0
Oahu	20080421	1	0.0
Oahu	20080421	2	0.0
Oahu	20080421	3	0.0384615384615
Oahu	20080421	4	0.0
Oahu	20080421	5	0.0
Oahu	20080421	6	0.0
Oahu	20080421	7	0.0
Oahu	20080421	8	0.0
Oahu	20080421	9	0.0
Oahu	20080421	10	0.0
Oahu	20080421	11	0.0
Oahu	20080421	12	0.0
Oahu	20080501	0	0.0
Oahu	20080501	1	0.0
Oahu	20080501	2	0.0
Oahu	20080501	3	0.028834042152541893
Oahu	20080501	4	0.0
Oahu	20080501	5	0.009627496308946229
Oahu	20080501	6	0.0
Oahu	20080501	7	0.0
Oahu	20080501	8	0.0
Oahu	20080501	9	0.0
Oahu	20080501	10	0.0
Oahu	20080501	11	0.0
Oahu	20080501	12	0.0
Oahu	20080727	0	0.0
Oahu	20080727	1	0.0
Oahu	20080727	2	0.0
Oahu	20080727	3	0.0
Oahu	20080727	4	0.0
Oahu	20080727	5	0.0384615384615
Oahu	20080727	6	0.0
Oahu	20080727	7	0.0
Oahu	20080727	8	0.0
Oahu	20080727	9	0.0
Oahu	20080727	10	0.0
Oahu	20080727	11	0.0
Oahu	20080727	12	0.0
Oahu	20080910	0	0.0
Oahu	20080910	1	0.0
Oahu	20080910	2	0.0
Oahu	20080910	3	0.020749447281129898
Oahu	20080910	4	0.007604964755086281
Oahu	20080910	5	0.010107126425283823
Oahu	20080910	6	0.0
Oahu	20080910	7	0.0
Oahu	20080910	8	0.0
Oahu	20080910	9	0.0
Oahu	20080910	10	0.0
Oahu	20080910	11	0.0
Oahu	20080910	12	0.0
Oahu	20081003	0	0.0
Oahu	20081003	1	0.0
Oahu	20081003	2	0.0
Oahu	20081003	3	0.03308196640708064
Oahu	20081003	4	0.005379572054419364
Oahu	20081003	5	0.0
Oahu	20081003	6	0.0
Oahu	20081003	7	0.0
Oahu	20081003	8	0.0
Oahu	20081003	9	0.0
Oahu	20081003	10	0.0
Oahu	20081003	11	0.0
Oahu	20081003	12	0.0
Oahu	20081108	0	0.0
Oahu	20081108	1	0.0
Oahu	20081108	2	2.383649029008591e-09
Oahu	20081108	3	0.01985048931394879
Oahu	20081108	4	0.018611036657274586
Oahu	20081108	5	1.6058062192934485e-08
Oahu	20081108	6	-5.951434595141691e-09
Oahu	20081108	7	0.0
Oahu	20081108	8	0.0
Oahu	20081108	9	0.0
Oahu	20081108	10	0.0
Oahu	20081108	11	0.0
Oahu	20081108	12	0.0
Oahu	20081205	0	0.0
Oahu	20081205	1	0.0
Oahu	20081205	2	0.0
Oahu	20081205	3	0.0384615384614959
Oahu	20081205	4	0.0
Oahu	20081205	5	0.0
Oahu	20081205	6	0.0
Oahu	20081205	7	0.0
Oahu	20081205	8	0.0
Oahu	20081205	9	0.0
Oahu	20081205	10	0.0
Oahu	20081205	11	0.0
Oahu	20081205	12	0.0
Oahu	20081208	0	0.0
Oahu	20081208	1	0.0
Oahu	20081208	2	0.0
Oahu	20081208	3	0.0
Oahu	20081208	4	0.0384615384615
Oahu	20081208	5	0.0
Oahu	20081208	6	0.0
Oahu	20081208	7	0.0
Oahu	20081208	8	0.0
Oahu	20081208	9	0.0
Oahu	20081208	10	0.0
Oahu	20081208	11	0.0
Oahu	20081208	12	0.0
Oahu	25070517	0	0.0
Oahu	25070517	1	0.04078870500383143
Oahu	25070517	2	0.12997279693500616
Oahu	25070517	3	0.024827830384273074
Oahu	25070517	4	0.0
Oahu	25070517	5	0.03517989844588933
Oahu	25070517	6	0.0
Oahu	25070517	7	0.0
Oahu	25070517	8	0.0
Oahu	25070517	9	0.0
Oahu	25070517	10	0.0
Oahu	25070517	11	0.0
Oahu	25070517	12	0.0
Oahu	25070709	0	0.0
Oahu	25070709	1	0.013933339210674717
Oahu	25070709	2	0.13689178547756545
Oahu	25070709	3	0.0
Oahu	25070709	4	0.0
Oahu	25070709	5	0.07994410615173522
Oahu	25070709	6	0.0
Oahu	25070709	7	0.0
Oahu	25070709	8	0.0
Oahu	25070709	9	0.0
Oahu	25070709	10	0.0
Oahu	25070709	11	0.0
Oahu	25070709	12	0.0
Oahu	25070721	0	0.0
Oahu	25070721	1	0.03352254775140053
Oahu	25070721	2	0.04322135840383523
Oahu	25070721	3	0.0
Oahu	25070721	4	0.06734053507637243
Oahu	25070721	5	0.0
Oahu	25070721	6	0.03788084180416312
Oahu	25070721	7	0.000597916008414412
Oahu	25070721	8	0.048206031722706585
Oahu	25070721	9	0.0
Oahu	25070721	10	0.0
Oahu	25070721	11	0.0
Oahu	25070721	12	0.0
Oahu	25070825	0	0.0
Oahu	25070825	1	0.012762820339519091
Oahu	25070825	2	0.06042550378089133
Oahu	25070825	3	0.028129985415133108
Oahu	25070825	4	0.0
Oahu	25070825	5	0.12945092123345645
Oahu	25070825	6	0.0
Oahu	25070825	7	0.0
Oahu	25070825	8	0.0
Oahu	25070825	9	0.0
Oahu	25070825	10	0.0
Oahu	25070825	11	0.0
Oahu	25070825	12	0.0
Oahu	25071215	0	0.0
Oahu	25071215	1	0.03668402493575329
Oahu	25071215	2	0.04697794702305241
Oahu	25071215	3	0.10170624742438107
Oahu	25071215	4	0.0
Oahu	25071215	5	0.0
Oahu	25071215	6	0.019186581401173467
Oahu	25071215	7	0.0
Oahu	25071215	8	0.025662625991559152
Oahu	25071215	9	0.0005518039930807756
Oahu	25071215	10	0.0
Oahu	25071215	11	0.0
Oahu	25071215	12	0.0
Oahu	25071218	0	0.0
Oahu	25071218	1	0.0
Oahu	25071218	2	0.11727953371456269
Oahu	25071218	3	0.11348969706093257
Oahu	25071218	4	0.0
Oahu	25071218	5	0.0
Oahu	25071218	6	0.0
Oahu	25071218	7	0.0
Oahu	25071218	8	0.0
Oahu	25071218	9	0.0
Oahu	25071218	10	0.0
Oahu	25071218	11	0.0
Oahu	25071218	12	0.0
Oahu	25071219	0	0.0
Oahu	25071219	1	0.01682186485605356
Oahu	25071219	2	0.14989918607573946
Oahu	25071219	3	0.06404817983720698
Oahu	25071219	4	0.0
Oahu	25071219	5	0.0
Oahu	25071219	6	0.0
Oahu	25071219	7	0.0
Oahu	25071219	8	0.0
Oahu	25071219	9	0.0
Oahu	25071219	10	0.0
Oahu	25071219	11	0.0
Oahu	25071219	12	0.0
Oahu	25080109	0	0.0
Oahu	25080109	1	0.005072181333822423
Oahu	25080109	2	0.0607347840755916
Oahu	25080109	3	0.11140907045082621
Oahu	25080109	4	0.0
Oahu	25080109	5	0.05355319490875976
Oahu	25080109	6	0.0
Oahu	25080109	7	0.0
Oahu	25080109	8	0.0
Oahu	25080109	9	0.0
Oahu	25080109	10	0.0
Oahu	25080109	11	0.0
Oahu	25080109	12	0.0
Oahu	25080421	0	0.0
Oahu	25080421	1	0.011149028869537864
Oahu	25080421	2	0.17282615191923406
Oahu	25080421	3	0.02285289639178244
Oahu	25080421	4	0.0
Oahu	25080421	5	0.0
Oahu	25080421	6	0.0
Oahu	25080421	7	0.0
Oahu	25080421	8	0.0
Oahu	25080421	9	0.012370589774077548
Oahu	25080421	10	0.0
Oahu	25080421	11	0.0
Oahu	25080421	12	0.011570563814368075
Oahu	25080501	0	0.0
Oahu	25080501	1	0.04701178806449907
Oahu	25080501	2	0.0030630623514254496
Oahu	25080501	3	0.15321199551447182
Oahu	25080501	4	0.027482384838603657
Oahu	25080501	5	0.0
Oahu	25080501	6	0.0
Oahu	25080501	7	0.0
Oahu	25080501	8	0.0
Oahu	25080501	9	0.0
Oahu	25080501	10	0.0
Oahu	25080501	11	0.0
Oahu	25080501	12	0.0
Oahu	25080727	0	0.0
Oahu	25080727	1	0.005512433832114792
Oahu	25080727	2	0.005105963621396708
Oahu	25080727	3	0.0
Oahu	25080727	4	0.010758400882580833
Oahu	25080727	5	0.072026296530089
Oahu	25080727	6	0.13736613590281863
Oahu	25080727	7	0.0
Oahu	25080727	8	0.0
Oahu	25080727	9	0.0
Oahu	25080727	10	0.0
Oahu	25080727	11	0.0
Oahu	25080727	12	0.0
Oahu	25080910	0	0.0
Oahu	25080910	1	0.04980853475128163
Oahu	25080910	2	0.05872370064463581
Oahu	25080910	3	0.07902208692709599
Oahu	25080910	4	0.0
Oahu	25080910	5	0.001764581816831676
Oahu	25080910	6	0.04145032662940769
Oahu	25080910	7	0.0
Oahu	25080910	8	0.0
Oahu	25080910	9	0.0
Oahu	25080910	10	0.0
Oahu	25080910	11	0.0
Oahu	25080910	12	0.0
Oahu	25081003	0	0.0
Oahu	25081003	1	0.004909091754907689
Oahu	25081003	2	0.12927572875031848
Oahu	25081003	3	0.06367329717983591
Oahu	25081003	4	0.0329111130839379
Oahu	25081003	5	0.0
Oahu	25081003	6	0.0
Oahu	25081003	7	0.0
Oahu	25081003	8	0.0
Oahu	25081003	9	0.0
Oahu	25081003	10	0.0
Oahu	25081003	11	0.0
Oahu	25081003	12	0.0
Oahu	25081108	0	0.0
Oahu	25081108	1	0.0
Oahu	25081108	2	0.04082786575035158
Oahu	25081108	3	0.008887897739185344
Oahu	25081108	4	0.0
Oahu	25081108	5	0.18105346727946306
Oahu	25081108	6	0.0
Oahu	25081108	7	0.0
Oahu	25081108	8	0.0
Oahu	25081108	9	0.0
Oahu	25081108	10	0.0
Oahu	25081108	11	0.0
Oahu	25081108	12	0.0
Oahu	25081205	0	0.0
Oahu	25081205	1	0.07647882397164636
Oahu	25081205	2	0.03173790260932145
Oahu	25081205	3	0.12079997882107676
Oahu	25081205	4	0.0
Oahu	25081205	5	0.0
Oahu	25081205	6	0.0
Oahu	25081205	7	0.0
Oahu	25081205	8	0.0017525253669554062
Oahu	25081205	9	0.0
Oahu	25081205	10	0.0
Oahu	25081205	11	0.0
Oahu	25081205	12	0.0
Oahu	25081208	0	0.0
Oahu	25081208	1	0.050390706300832325
Oahu	25081208	2	0.07689578157719386
Oahu	25081208	3	0.10348274289097381
Oahu	25081208	4	0.0
Oahu	25081208	5	0.0
Oahu	25081208	6	0.0
Oahu	25081208	7	0.0
Oahu	25081208	8	0.0
Oahu	25081208	9	0.0
Oahu	25081208	10	0.0
Oahu	25081208	11	0.0
Oahu	25081208	12	0.0
Oahu	30070517	0	0.0
Oahu	30070517	1	0.044173840741739925
Oahu	30070517	2	0.028081323969705575
Oahu	30070517	3	0.0
Oahu	30070517	4	0.0
Oahu	30070517	5	0.0
Oahu	30070517	6	0.31641994480871666
Oahu	30070517	7	0.03440181355683786
Oahu	30070517	8	0.0
Oahu	30070517	9	0.0
Oahu	30070517	10	0.0
Oahu	30070517	11	0.0
Oahu	30070517	12	0.0
Oahu	30070709	0	0.0
Oahu	30070709	1	0.06164867479376309
Oahu	30070709	2	0.022778114023529708
Oahu	30070709	3	0.0
Oahu	30070709	4	0.0
Oahu	30070709	5	0.027647437283120753
Oahu	30070709	6	0.27419073861109894
Oahu	30070709	7	0.01415523980321054
Oahu	30070709	8	0.0
Oahu	30070709	9	0.0
Oahu	30070709	10	0.0
Oahu	30070709	11	0.0
Oahu	30070709	12	0.022656718562277037
Oahu	30070721	0	0.0
Oahu	30070721	1	0.03814924742878557
Oahu	30070721	2	0.07684904131650507
Oahu	30070721	3	0.0
Oahu	30070721	4	0.0
Oahu	30070721	5	8.342524127026227e-13
Oahu	30070721	6	0.1367295888234245
Oahu	30070721	7	0.15888409722524233
Oahu	30070721	8	0.005076990751904509
Oahu	30070721	9	0.0
Oahu	30070721	10	0.0
Oahu	30070721	11	0.0
Oahu	30070721	12	0.007387957530303801
Oahu	30070825	0	0.0
Oahu	30070825	1	0.030701358207546024
Oahu	30070825	2	0.02866213991004306
Oahu	30070825	3	0.0
Oahu	30070825	4	0.0
Oahu	30070825	5	0.0
Oahu	30070825	6	0.2992770486262652
Oahu	30070825	7	0.03696854364105613
Oahu	30070825	8	0.027467832692089536
Oahu	30070825	9	0.0
Oahu	30070825	10	0.0
Oahu	30070825	11	0.0
Oahu	30070825	12	0.0
Oahu	30071215	0	0.0
Oahu	30071215	1	0.04399456278614658
Oahu	30071215	2	0.0784909943101018
Oahu	30071215	3	0.0
Oahu	30071215	4	0.0
Oahu	30071215	5	0.0
Oahu	30071215	6	0.22088239511043603
Oahu	30071215	7	0.04245138796229849
Oahu	30071215	8	0.020679705536257663
Oahu	30071215	9	0.0
Oahu	30071215	10	0.0
Oahu	30071215	11	0.0
Oahu	30071215	12	0.01657787737175944
Oahu	30071218	0	0.0
Oahu	30071218	1	0.06565800040812016
Oahu	30071218	2	0.09758510605244776
Oahu	30071218	3	0.012925978751612312
Oahu	30071218	4	0.0
Oahu	30071218	5	0.0
Oahu	30071218	6	0.19849921843944598
Oahu	30071218	7	0.04235320938068883
Oahu	30071218	8	0.0
Oahu	30071218	9	0.0
Oahu	30071218	10	0.0
Oahu	30071218	11	0.0
Oahu	30071218	12	0.006055410044685027
Oahu	30071219	0	0.0
Oahu	30071219	1	0.07661878120978804
Oahu	30071219	2	0.0666970938587624
Oahu	30071219	3	0.0
Oahu	30071219	4	0.0
Oahu	30071219	5	0.0
Oahu	30071219	6	0.24197412241177899
Oahu	30071219	7	0.0
Oahu	30071219	8	0.03778692559667076
Oahu	30071219	9	0.0
Oahu	30071219	10	0.0
Oahu	30071219	11	0.0
Oahu	30071219	12	0.0
Oahu	30080109	0	0.0
Oahu	30080109	1	0.09050158629829178
Oahu	30080109	2	0.038229629652221334
Oahu	30080109	3	0.031615471391051184
Oahu	30080109	4	0.0
Oahu	30080109	5	0.08647125008472253
Oahu	30080109	6	0.1762589856507135
Oahu	30080109	7	0.0
Oahu	30080109	8	0.0
Oahu	30080109	9	0.0
Oahu	30080109	10	0.0
Oahu	30080109	11	0.0
Oahu	30080109	12	0.0
Oahu	30080421	0	0.0
Oahu	30080421	1	0.035821138431821845
Oahu	30080421	2	0.09958012045091233
Oahu	30080421	3	0.01650273746290544
Oahu	30080421	4	0.0
Oahu	30080421	5	0.0
Oahu	30080421	6	0.10757586161261183
Oahu	30080421	7	0.12856916363655185
Oahu	30080421	8	0.028053883536230534
Oahu	30080421	9	0.0
Oahu	30080421	10	0.0
Oahu	30080421	11	0.0
Oahu	30080421	12	0.006974017945966178
Oahu	30080501	0	0.0
Oahu	30080501	1	0.07997268138279066
Oahu	30080501	2	0.013862917439366833
Oahu	30080501	3	0.050944305734859203
Oahu	30080501	4	0.0
Oahu	30080501	5	0.0
Oahu	30080501	6	0.1825135530908732
Oahu	30080501	7	0.013744856679732135
Oahu	30080501	8	0.044445534171114194
Oahu	30080501	9	0.0
Oahu	30080501	10	0.0
Oahu	30080501	11	0.0
Oahu	30080501	12	0.03759307457826381
Oahu	30080727	0	0.0
Oahu	30080727	1	0.01011711084473264
Oahu	30080727	2	0.05361406955228698
Oahu	30080727	3	0.010570205251918778
Oahu	30080727	4	0.003628423672759086
Oahu	30080727	5	0.0008784852100455626
Oahu	30080727	6	0.25660919125428483
Oahu	30080727	7	0.08485384714907468
Oahu	30080727	8	0.0
Oahu	30080727	9	0.0
Oahu	30080727	10	0.0
Oahu	30080727	11	0.0
Oahu	30080727	12	0.0028055901418974124
Oahu	30080910	0	0.0
Oahu	30080910	1	0.06615003098053168
Oahu	30080910	2	0.04299379936493855
Oahu	30080910	3	0.0
Oahu	30080910	4	0.0
Oahu	30080910	5	0.0
Oahu	30080910	6	0.23449774922772024
Oahu	30080910	7	0.010367720042492368
Oahu	30080910	8	0.06906762346131722
Oahu	30080910	9	0.0
Oahu	30080910	10	0.0
Oahu	30080910	11	0.0
Oahu	30080910	12	0.0
Oahu	30081003	0	0.0
Oahu	30081003	1	0.03983945752095186
Oahu	30081003	2	0.06604823566355256
Oahu	30081003	3	0.0
Oahu	30081003	4	0.0
Oahu	30081003	5	0.0
Oahu	30081003	6	0.249165772531851
Oahu	30081003	7	0.0
Oahu	30081003	8	0.04045700243057904
Oahu	30081003	9	0.0
Oahu	30081003	10	0.0
Oahu	30081003	11	0.0
Oahu	30081003	12	0.027566454930065563
Oahu	30081108	0	0.0
Oahu	30081108	1	0.07123019524786119
Oahu	30081108	2	0.0884486924288039
Oahu	30081108	3	0.0
Oahu	30081108	4	0.0
Oahu	30081108	5	0.0
Oahu	30081108	6	0.1368961119168564
Oahu	30081108	7	0.10843414232786222
Oahu	30081108	8	0.018067781155616275
Oahu	30081108	9	0.0
Oahu	30081108	10	0.0
Oahu	30081108	11	0.0
Oahu	30081108	12	0.0
Oahu	30081205	0	0.0
Oahu	30081205	1	0.07079673911338125
Oahu	30081205	2	0.029397554326338643
Oahu	30081205	3	0.026870252718758297
Oahu	30081205	4	0.0
Oahu	30081205	5	0.0
Oahu	30081205	6	0.27164627115915085
Oahu	30081205	7	0.0
Oahu	30081205	8	0.0
Oahu	30081205	9	0.024366105759370926
Oahu	30081205	10	0.0
Oahu	30081205	11	0.0
Oahu	30081205	12	0.0
Oahu	30081208	0	0.0
Oahu	30081208	1	0.05465939185325017
Oahu	30081208	2	0.07128870556159055
Oahu	30081208	3	0.02327898248483632
Oahu	30081208	4	0.0
Oahu	30081208	5	0.0
Oahu	30081208	6	0.25743271989547756
Oahu	30081208	7	0.0
Oahu	30081208	8	0.0
Oahu	30081208	9	0.0
Oahu	30081208	10	0.0
Oahu	30081208	11	0.0
Oahu	30081208	12	0.016417123281845525
Oahu	35070517	0	0.0
Oahu	35070517	1	0.1351879682032075
Oahu	35070517	2	0.04525287812871698
Oahu	35070517	3	0.0
Oahu	35070517	4	0.0
Oahu	35070517	5	0.0
Oahu	35070517	6	0.34871894836878764
Oahu	35070517	7	0.02014077817839902
Oahu	35070517	8	0.06608404250588891
Oahu	35070517	9	0.0
Oahu	35070517	10	0.0
Oahu	35070517	11	0.0
Oahu	35070517	12	0.0
Oahu	35070709	0	0.0
Oahu	35070709	1	0.061026094151146335
Oahu	35070709	2	0.06566877534672644
Oahu	35070709	3	0.0
Oahu	35070709	4	0.0
Oahu	35070709	5	0.0007431504480897386
Oahu	35070709	6	0.2656620602121606
Oahu	35070709	7	0.13741704740557406
Oahu	35070709	8	0.08486748782130336
Oahu	35070709	9	0.0
Oahu	35070709	10	0.0
Oahu	35070709	11	0.0
Oahu	35070709	12	0.0
Oahu	35070721	0	0.0
Oahu	35070721	1	0.0
Oahu	35070721	2	0.06718351412164945
Oahu	35070721	3	0.0
Oahu	35070721	4	0.0
Oahu	35070721	5	0.0
Oahu	35070721	6	0.37219454580595507
Oahu	35070721	7	0.02990680195009876
Oahu	35070721	8	0.13086626502670265
Oahu	35070721	9	0.015233488480594373
Oahu	35070721	10	0.0
Oahu	35070721	11	0.0
Oahu	35070721	12	0.0
Oahu	35070825	0	0.0
Oahu	35070825	1	0.0642087184173214
Oahu	35070825	2	0.0889648311380401
Oahu	35070825	3	0.029783062320123888
Oahu	35070825	4	0.0
Oahu	35070825	5	0.13840948788114305
Oahu	35070825	6	0.2675060153350236
Oahu	35070825	7	0.0
Oahu	35070825	8	0.0
Oahu	35070825	9	0.0
Oahu	35070825	10	0.0
Oahu	35070825	11	0.0
Oahu	35070825	12	0.02651250029334803
Oahu	35071215	0	0.0
Oahu	35071215	1	0.0
Oahu	35071215	2	0.04408168822680759
Oahu	35071215	3	0.0
Oahu	35071215	4	0.0
Oahu	35071215	5	0.0
Oahu	35071215	6	0.26038944544700543
Oahu	35071215	7	0.25221439252807965
Oahu	35071215	8	0.05869908918310729
Oahu	35071215	9	0.0
Oahu	35071215	10	0.0
Oahu	35071215	11	0.0
Oahu	35071215	12	0.0
Oahu	35071218	0	0.0
Oahu	35071218	1	0.06798288688577837
Oahu	35071218	2	0.14972461696702258
Oahu	35071218	3	0.00038503514018295437
Oahu	35071218	4	0.0
Oahu	35071218	5	0.0
Oahu	35071218	6	0.2502949176484307
Oahu	35071218	7	0.0
Oahu	35071218	8	0.07625087585094135
Oahu	35071218	9	0.07074628289264431
Oahu	35071218	10	0.0
Oahu	35071218	11	0.0
Oahu	35071218	12	0.0
Oahu	35071219	0	0.0
Oahu	35071219	1	0.01776825646740328
Oahu	35071219	2	0.13271711123130148
Oahu	35071219	3	0.031388836468240415
Oahu	35071219	4	0.0
Oahu	35071219	5	0.0
Oahu	35071219	6	0.20500974811120434
Oahu	35071219	7	0.0
Oahu	35071219	8	0.19345196601601783
Oahu	35071219	9	0.0
Oahu	35071219	10	0.0
Oahu	35071219	11	0.0
Oahu	35071219	12	0.035048697090832207
Oahu	35080109	0	0.0
Oahu	35080109	1	0.16226988145823626
Oahu	35080109	2	0.011924376798257974
Oahu	35080109	3	0.0
Oahu	35080109	4	0.0
Oahu	35080109	5	0.07038414704611586
Oahu	35080109	6	0.2790521939973598
Oahu	35080109	7	0.091754016085035
Oahu	35080109	8	0.0
Oahu	35080109	9	0.0
Oahu	35080109	10	0.0
Oahu	35080109	11	0.0
Oahu	35080109	12	0.0
Oahu	35080421	0	0.0
Oahu	35080421	1	0.008216746935332832
Oahu	35080421	2	0.10454012495454727
Oahu	35080421	3	0.0
Oahu	35080421	4	0.0
Oahu	35080421	5	0.0
Oahu	35080421	6	0.11168749571065983
Oahu	35080421	7	0.33142224460874015
Oahu	35080421	8	0.05951800317571994
Oahu	35080421	9	0.0
Oahu	35080421	10	0.0
Oahu	35080421	11	0.0
Oahu	35080421	12	0.0
Oahu	35080501	0	0.0
Oahu	35080501	1	0.08869046351468368
Oahu	35080501	2	0.010814040176209933
Oahu	35080501	3	0.0
Oahu	35080501	4	0.0
Oahu	35080501	5	0.0
Oahu	35080501	6	0.3292661455340051
Oahu	35080501	7	0.1796777983584661
Oahu	35080501	8	0.006936167801635223
Oahu	35080501	9	0.0
Oahu	35080501	10	0.0
Oahu	35080501	11	0.0
Oahu	35080501	12	0.0
Oahu	35080727	0	0.0
Oahu	35080727	1	0.0960802736220076
Oahu	35080727	2	0.0
Oahu	35080727	3	0.0
Oahu	35080727	4	0.0022885991059856704
Oahu	35080727	5	0.0
Oahu	35080727	6	0.3322399490633663
Oahu	35080727	7	0.18477579359364046
Oahu	35080727	8	0.0
Oahu	35080727	9	0.0
Oahu	35080727	10	0.0
Oahu	35080727	11	0.0
Oahu	35080727	12	0.0
Oahu	35080910	0	0.0
Oahu	35080910	1	0.08446972169450531
Oahu	35080910	2	0.10212652398495631
Oahu	35080910	3	0.0
Oahu	35080910	4	0.0
Oahu	35080910	5	0.0
Oahu	35080910	6	0.35414207349772087
Oahu	35080910	7	0.0
Oahu	35080910	8	0.06731074867288105
Oahu	35080910	9	0.0
Oahu	35080910	10	0.0
Oahu	35080910	11	0.0
Oahu	35080910	12	0.007335547534938057
Oahu	35081003	0	0.0
Oahu	35081003	1	0.05067720970886036
Oahu	35081003	2	0.08612769109044431
Oahu	35081003	3	0.0
Oahu	35081003	4	0.0
Oahu	35081003	5	0.0
Oahu	35081003	6	0.3611742798892021
Oahu	35081003	7	0.0
Oahu	35081003	8	0.11740543469649342
Oahu	35081003	9	0.0
Oahu	35081003	10	0.0
Oahu	35081003	11	0.0
Oahu	35081003	12	0.0
Oahu	35081108	0	0.0
Oahu	35081108	1	0.016207776501048984
Oahu	35081108	2	0.0
Oahu	35081108	3	0.0
Oahu	35081108	4	0.0
Oahu	35081108	5	0.0
Oahu	35081108	6	0.39299574047064634
Oahu	35081108	7	0.019241441033965134
Oahu	35081108	8	0.18693965737933949
Oahu	35081108	9	0.0
Oahu	35081108	10	0.0
Oahu	35081108	11	0.0
Oahu	35081108	12	0.0
Oahu	35081205	0	0.0
Oahu	35081205	1	0.03444688230002757
Oahu	35081205	2	0.05149117388145756
Oahu	35081205	3	0.0
Oahu	35081205	4	0.0
Oahu	35081205	5	0.0
Oahu	35081205	6	0.34535394195101554
Oahu	35081205	7	0.0
Oahu	35081205	8	0.18409261725249934
Oahu	35081205	9	0.0
Oahu	35081205	10	0.0
Oahu	35081205	11	0.0
Oahu	35081205	12	0.0
Oahu	35081208	0	0.0
Oahu	35081208	1	0.00974224555051019
Oahu	35081208	2	0.07125362476703881
Oahu	35081208	3	0.0
Oahu	35081208	4	0.0
Oahu	35081208	5	0.0
Oahu	35081208	6	0.28872737391894965
Oahu	35081208	7	0.009812851214263766
Oahu	35081208	8	0.23584851993423775
Oahu	35081208	9	0.0
Oahu	35081208	10	0.0
Oahu	35081208	11	0.0
Oahu	35081208	12	0.0
Oahu	40070517	0	0.0
Oahu	40070517	1	0.0
Oahu	40070517	2	0.0
Oahu	40070517	3	0.0
Oahu	40070517	4	0.0
Oahu	40070517	5	0.0
Oahu	40070517	6	0.09741657146727939
Oahu	40070517	7	0.7088869326146766
Oahu	40070517	8	0.0013888036100439538
Oahu	40070517	9	0.0
Oahu	40070517	10	0.0
Oahu	40070517	11	0.0
Oahu	40070517	12	0.0
Oahu	40070709	0	0.0
Oahu	40070709	1	0.0
Oahu	40070709	2	0.0
Oahu	40070709	3	0.0
Oahu	40070709	4	0.0
Oahu	40070709	5	0.0
Oahu	40070709	6	0.32187051835729913
Oahu	40070709	7	0.4858217893347008
Oahu	40070709	8	0.0
Oahu	40070709	9	0.0
Oahu	40070709	10	0.0
Oahu	40070709	11	0.0
Oahu	40070709	12	0.0
Oahu	40070721	0	0.0
Oahu	40070721	1	0.0
Oahu	40070721	2	0.0
Oahu	40070721	3	0.0
Oahu	40070721	4	0.0
Oahu	40070721	5	0.0
Oahu	40070721	6	0.3706977732822566
Oahu	40070721	7	0.43699453440974334
Oahu	40070721	8	0.0
Oahu	40070721	9	0.0
Oahu	40070721	10	0.0
Oahu	40070721	11	0.0
Oahu	40070721	12	0.0
Oahu	40070825	0	0.0
Oahu	40070825	1	0.027919793646402263
Oahu	40070825	2	0.0
Oahu	40070825	3	0.0
Oahu	40070825	4	0.0
Oahu	40070825	5	0.0
Oahu	40070825	6	0.4917549492543925
Oahu	40070825	7	0.23624326489002723
Oahu	40070825	8	0.051774299901177864
Oahu	40070825	9	0.0
Oahu	40070825	10	0.0
Oahu	40070825	11	0.0
Oahu	40070825	12	0.0
Oahu	40071215	0	0.0
Oahu	40071215	1	0.0
Oahu	40071215	2	0.0
Oahu	40071215	3	0.0
Oahu	40071215	4	0.0
Oahu	40071215	5	0.0
Oahu	40071215	6	0.0
Oahu	40071215	7	0.8076923076920022
Oahu	40071215	8	0.0
Oahu	40071215	9	0.0
Oahu	40071215	10	0.0
Oahu	40071215	11	0.0
Oahu	40071215	12	0.0
Oahu	40071218	0	0.0
Oahu	40071218	1	0.033173890822545224
Oahu	40071218	2	0.1743926456002161
Oahu	40071218	3	0.0
Oahu	40071218	4	0.0
Oahu	40071218	5	0.0
Oahu	40071218	6	0.3105717201431396
Oahu	40071218	7	0.0
Oahu	40071218	8	0.289554051126099
Oahu	40071218	9	0.0
Oahu	40071218	10	0.0
Oahu	40071218	11	0.0
Oahu	40071218	12	0.0
Oahu	40071219	0	0.0
Oahu	40071219	1	0.0
Oahu	40071219	2	0.00718449470663602
Oahu	40071219	3	0.0
Oahu	40071219	4	0.0
Oahu	40071219	5	0.0
Oahu	40071219	6	0.2513517303338584
Oahu	40071219	7	0.549156082651504
Oahu	40071219	8	0.0
Oahu	40071219	9	0.0
Oahu	40071219	10	0.0
Oahu	40071219	11	0.0
Oahu	40071219	12	0.0
Oahu	40080109	0	0.0
Oahu	40080109	1	0.01393287435647822
Oahu	40080109	2	0.0
Oahu	40080109	3	0.0
Oahu	40080109	4	0.0
Oahu	40080109	5	0.0
Oahu	40080109	6	0.6793527686102112
Oahu	40080109	7	0.0
Oahu	40080109	8	0.11440666472530812
Oahu	40080109	9	0.0
Oahu	40080109	10	0.0
Oahu	40080109	11	0.0
Oahu	40080109	12	0.0
Oahu	40080421	0	0.0
Oahu	40080421	1	0.0
Oahu	40080421	2	0.0
Oahu	40080421	3	0.0
Oahu	40080421	4	0.0
Oahu	40080421	5	0.0
Oahu	40080421	6	0.0
Oahu	40080421	7	0.7943260466879783
Oahu	40080421	8	0.013366261004022106
Oahu	40080421	9	0.0
Oahu	40080421	10	0.0
Oahu	40080421	11	0.0
Oahu	40080421	12	0.0
Oahu	40080501	0	0.0
Oahu	40080501	1	0.0
Oahu	40080501	2	0.0
Oahu	40080501	3	0.0
Oahu	40080501	4	0.0
Oahu	40080501	5	0.0
Oahu	40080501	6	0.0
Oahu	40080501	7	0.8076923076920012
Oahu	40080501	8	0.0
Oahu	40080501	9	0.0
Oahu	40080501	10	0.0
Oahu	40080501	11	0.0
Oahu	40080501	12	0.0
Oahu	40080727	0	0.0
Oahu	40080727	1	0.0
Oahu	40080727	2	0.0
Oahu	40080727	3	0.0
Oahu	40080727	4	0.0
Oahu	40080727	5	0.0
Oahu	40080727	6	0.006835412301155475
Oahu	40080727	7	0.8008568953908445
Oahu	40080727	8	0.0
Oahu	40080727	9	0.0
Oahu	40080727	10	0.0
Oahu	40080727	11	0.0
Oahu	40080727	12	0.0
Oahu	40080910	0	0.0
Oahu	40080910	1	0.007544360668043036
Oahu	40080910	2	0.0
Oahu	40080910	3	0.0
Oahu	40080910	4	0.0
Oahu	40080910	5	0.0
Oahu	40080910	6	0.5584479013211481
Oahu	40080910	7	0.24170004570281622
Oahu	40080910	8	0.0
Oahu	40080910	9	0.0
Oahu	40080910	10	0.0
Oahu	40080910	11	0.0
Oahu	40080910	12	0.0
Oahu	40081003	0	0.0
Oahu	40081003	1	0.0
Oahu	40081003	2	0.0
Oahu	40081003	3	0.0
Oahu	40081003	4	0.0
Oahu	40081003	5	0.0
Oahu	40081003	6	0.5422508765233539
Oahu	40081003	7	0.26544143116864605
Oahu	40081003	8	0.0
Oahu	40081003	9	0.0
Oahu	40081003	10	0.0
Oahu	40081003	11	0.0
Oahu	40081003	12	0.0
Oahu	40081108	0	0.0
Oahu	40081108	1	0.0
Oahu	40081108	2	0.0
Oahu	40081108	3	0.0
Oahu	40081108	4	0.0
Oahu	40081108	5	0.0
Oahu	40081108	6	0.12863507626351223
Oahu	40081108	7	0.6790572314284874
Oahu	40081108	8	0.0
Oahu	40081108	9	0.0
Oahu	40081108	10	0.0
Oahu	40081108	11	0.0
Oahu	40081108	12	0.0
Oahu	40081205	0	0.0
Oahu	40081205	1	0.0
Oahu	40081205	2	0.0
Oahu	40081205	3	0.0
Oahu	40081205	4	0.0
Oahu	40081205	5	0.0
Oahu	40081205	6	0.5754710602274316
Oahu	40081205	7	0.0
Oahu	40081205	8	0.23222124746456843
Oahu	40081205	9	0.0
Oahu	40081205	10	0.0
Oahu	40081205	11	0.0
Oahu	40081205	12	0.0
Oahu	40081208	0	0.0
Oahu	40081208	1	0.030788100366107296
Oahu	40081208	2	0.0
Oahu	40081208	3	0.0
Oahu	40081208	4	0.0
Oahu	40081208	5	0.0
Oahu	40081208	6	0.39776611795995154
Oahu	40081208	7	0.15963285972392072
Oahu	40081208	8	0.2195052296420204
Oahu	40081208	9	0.0
Oahu	40081208	10	0.0
Oahu	40081208	11	0.0
Oahu	40081208	12	0.0
Oahu	45070517	0	0.0
Oahu	45070517	1	0.01576223081135393
Oahu	45070517	2	0.0
Oahu	45070517	3	0.0
Oahu	45070517	4	0.0
Oahu	45070517	5	0.0
Oahu	45070517	6	0.47731664841705373
Oahu	45070517	7	0.3487252476993671
Oahu	45070517	8	0.1581958730722306
Oahu	45070517	9	0.0
Oahu	45070517	10	0.0
Oahu	45070517	11	0.0
Oahu	45070517	12	0.0
Oahu	45070709	0	0.0
Oahu	45070709	1	0.0
Oahu	45070709	2	0.0
Oahu	45070709	3	0.0
Oahu	45070709	4	0.0
Oahu	45070709	5	0.0
Oahu	45070709	6	0.3127716603056946
Oahu	45070709	7	0.6872283396943054
Oahu	45070709	8	0.0
Oahu	45070709	9	0.0
Oahu	45070709	10	0.0
Oahu	45070709	11	0.0
Oahu	45070709	12	0.0
Oahu	45070721	0	0.0
Oahu	45070721	1	0.0
Oahu	45070721	2	0.0
Oahu	45070721	3	0.0
Oahu	45070721	4	0.0
Oahu	45070721	5	0.03637424453697004
Oahu	45070721	6	0.22435864055181126
Oahu	45070721	7	0.6224483242038485
Oahu	45070721	8	0.1168187907073701
Oahu	45070721	9	0.0
Oahu	45070721	10	0.0
Oahu	45070721	11	0.0
Oahu	45070721	12	0.0
Oahu	45070825	0	0.0
Oahu	45070825	1	0.0
Oahu	45070825	2	0.0
Oahu	45070825	3	0.0
Oahu	45070825	4	0.0
Oahu	45070825	5	0.0
Oahu	45070825	6	0.4021452303167582
Oahu	45070825	7	0.4256584088281349
Oahu	45070825	8	0.17219636085510695
Oahu	45070825	9	0.0
Oahu	45070825	10	0.0
Oahu	45070825	11	0.0
Oahu	45070825	12	0.0
Oahu	45071215	0	0.0
Oahu	45071215	1	0.0
Oahu	45071215	2	0.0
Oahu	45071215	3	0.0
Oahu	45071215	4	0.0
Oahu	45071215	5	0.0
Oahu	45071215	6	0.5051535662998284
Oahu	45071215	7	0.3612960190249467
Oahu	45071215	8	0.1335504146752249
Oahu	45071215	9	0.0
Oahu	45071215	10	0.0
Oahu	45071215	11	0.0
Oahu	45071215	12	0.0
Oahu	45071218	0	0.0
Oahu	45071218	1	0.0
Oahu	45071218	2	0.037088791278529515
Oahu	45071218	3	0.0
Oahu	45071218	4	0.0
Oahu	45071218	5	0.0
Oahu	45071218	6	0.4836882160406244
Oahu	45071218	7	0.2402638787130318
Oahu	45071218	8	0.23895911396781427
Oahu	45071218	9	0.0
Oahu	45071218	10	0.0
Oahu	45071218	11	0.0
Oahu	45071218	12	0.0
Oahu	45071219	0	0.0
Oahu	45071219	1	0.014780114510562464
Oahu	45071219	2	0.0
Oahu	45071219	3	0.0
Oahu	45071219	4	0.0
Oahu	45071219	5	0.0
Oahu	45071219	6	0.6258557635535873
Oahu	45071219	7	0.0
Oahu	45071219	8	0.3593641219358502
Oahu	45071219	9	0.0
Oahu	45071219	10	0.0
Oahu	45071219	11	0.0
Oahu	45071219	12	0.0
Oahu	45080109	0	0.0
Oahu	45080109	1	0.0
Oahu	45080109	2	0.0
Oahu	45080109	3	0.0
Oahu	45080109	4	0.0
Oahu	45080109	5	0.0
Oahu	45080109	6	0.5837495229151286
Oahu	45080109	7	0.41625047708487134
Oahu	45080109	8	0.0
Oahu	45080109	9	0.0
Oahu	45080109	10	0.0
Oahu	45080109	11	0.0
Oahu	45080109	12	0.0
Oahu	45080421	0	0.0
Oahu	45080421	1	0.02977700948936604
Oahu	45080421	2	0.0
Oahu	45080421	3	0.0
Oahu	45080421	4	0.0
Oahu	45080421	5	0.0
Oahu	45080421	6	0.4903213550916038
Oahu	45080421	7	0.34588656288298114
Oahu	45080421	8	0.134015072536049
Oahu	45080421	9	0.0
Oahu	45080421	10	0.0
Oahu	45080421	11	0.0
Oahu	45080421	12	0.0
Oahu	45080501	0	0.0
Oahu	45080501	1	0.0
Oahu	45080501	2	0.0
Oahu	45080501	3	0.0
Oahu	45080501	4	0.0
Oahu	45080501	5	0.0
Oahu	45080501	6	0.42792308659120465
Oahu	45080501	7	0.4557285905588299
Oahu	45080501	8	0.11634832284996494
Oahu	45080501	9	0.0
Oahu	45080501	10	0.0
Oahu	45080501	11	0.0
Oahu	45080501	12	0.0
Oahu	45080727	0	0.0
Oahu	45080727	1	0.0
Oahu	45080727	2	0.0
Oahu	45080727	3	0.0
Oahu	45080727	4	0.0
Oahu	45080727	5	0.0
Oahu	45080727	6	0.22034070138263306
Oahu	45080727	7	0.7796592986173669
Oahu	45080727	8	0.0
Oahu	45080727	9	0.0
Oahu	45080727	10	0.0
Oahu	45080727	11	0.0
Oahu	45080727	12	0.0
Oahu	45080910	0	0.0
Oahu	45080910	1	0.0
Oahu	45080910	2	0.0
Oahu	45080910	3	0.0
Oahu	45080910	4	0.0
Oahu	45080910	5	0.0
Oahu	45080910	6	0.557159161105434
Oahu	45080910	7	0.4276281306140132
Oahu	45080910	8	0.015212708280552878
Oahu	45080910	9	0.0
Oahu	45080910	10	0.0
Oahu	45080910	11	0.0
Oahu	45080910	12	0.0
Oahu	45081003	0	0.0
Oahu	45081003	1	0.0
Oahu	45081003	2	0.0
Oahu	45081003	3	0.0
Oahu	45081003	4	0.0
Oahu	45081003	5	0.0
Oahu	45081003	6	0.5267578062585349
Oahu	45081003	7	0.1676423035977055
Oahu	45081003	8	0.30559989014375966
Oahu	45081003	9	0.0
Oahu	45081003	10	0.0
Oahu	45081003	11	0.0
Oahu	45081003	12	0.0
Oahu	45081108	0	0.0
Oahu	45081108	1	0.056528676534868594
Oahu	45081108	2	0.0
Oahu	45081108	3	0.0
Oahu	45081108	4	0.0
Oahu	45081108	5	0.0
Oahu	45081108	6	0.5405555928842305
Oahu	45081108	7	0.0880360573286385
Oahu	45081108	8	0.3148796732522624
Oahu	45081108	9	0.0
Oahu	45081108	10	0.0
Oahu	45081108	11	0.0
Oahu	45081108	12	0.0
Oahu	45081205	0	0.0
Oahu	45081205	1	0.0
Oahu	45081205	2	0.0
Oahu	45081205	3	0.0
Oahu	45081205	4	0.0
Oahu	45081205	5	0.0
Oahu	45081205	6	0.21395436244529487
Oahu	45081205	7	0.7860456375547051
Oahu	45081205	8	0.0
Oahu	45081205	9	0.0
Oahu	45081205	10	0.0
Oahu	45081205	11	0.0
Oahu	45081205	12	0.0
Oahu	45081208	0	0.0
Oahu	45081208	1	0.0
Oahu	45081208	2	0.027901159115664875
Oahu	45081208	3	0.0
Oahu	45081208	4	0.0
Oahu	45081208	5	0.0
Oahu	45081208	6	0.4123217683982031
Oahu	45081208	7	0.4301910737564413
Oahu	45081208	8	0.12958599872969073
Oahu	45081208	9	0.0
Oahu	45081208	10	0.0
Oahu	45081208	11	0.0
Oahu	45081208	12	0.0
