load_zone	timestamp	ZoneTotalCentralDispatch	ZoneTotalDistributedDispatch	DispatchFuelCellMW	GeneratePumpedHydro	zone_demand_mw	StorageNetCharge	ChargeEVs	RunElectrolyzerMW	LiquifyHydrogenMW	ShiftDemand	StorePumpedHydro
Oahu	2020-01-09-00:00	728.989	0	0	0	539.86	0	8.10905	0	0	181.02	0
Oahu	2020-01-09-02:00	727.989	0	0	0	488.585	0	24.9604	0	0	214.444	0
Oahu	2020-01-09-04:00	731.174	0	0	0	555.972	0	33.4094	0	0	141.793	0
Oahu	2020-01-09-06:00	744.129	0	0	0	783.427	0	39.0449	0	0	-78.3427	0
Oahu	2020-01-09-08:00	883.727	0	0	0	918.967	0	36.5091	0	0	-71.7487	0
Oahu	2020-01-09-10:00	1088.33	0	0	0	1007.02	0	12.6863	0	0	68.6299	0
Oahu	2020-01-09-12:00	966.998	0	0	0	1028.09	0	5.10006	0	0	-66.1944	0
Oahu	2020-01-09-14:00	979.819	0	0	0	1040.62	0	3.59831	0	0	-64.4038	0
Oahu	2020-01-09-16:00	936.654	0	0	0	1031.05	0	5.01085	0	0	-99.4099	0
Oahu	2020-01-09-18:00	1005.91	0	0	0	1115.76	0	1.7061	0	0	-111.562	0
Oahu	2020-01-09-20:00	873.529	0	0	0	969.876	0	0.640868	0	0	-96.9876	0
Oahu	2020-01-09-22:00	728.989	0	0	0	744.822	0	1.40488	0	0	-17.2379	0
Oahu	2020-04-21-00:00	745.587	0	0	0	553.182	0	11.4445	0	0	180.961	0
Oahu	2020-04-21-02:00	759.245	0	0	0	500.901	0	52.8638	0	0	205.481	0
Oahu	2020-04-21-04:00	749.423	0	0	0	582.959	0	58.1504	0	0	108.314	0
Oahu	2020-04-21-06:00	784.447	0	0	0	844.868	0	16.1048	0	0	-76.5251	0
Oahu	2020-04-21-08:00	907.568	0	0	0	977.137	0	12.6373	0	0	-82.206	0
Oahu	2020-04-21-10:00	1079.81	0	0	0	1041.85	0	9.168	0	0	28.7897	0
Oahu	2020-04-21-12:00	1036.39	0	0	0	1056.59	0	3.77514	0	0	-23.9766	0
Oahu	2020-04-21-14:00	1008.27	0	0	0	1059.8	0	1.73151	0	0	-53.2612	0
Oahu	2020-04-21-16:00	935.049	0	0	0	1038.36	0	0.524012	0	0	-103.836	0
Oahu	2020-04-21-18:00	945.302	0	0	0	1049.13	0	1.08257	0	0	-104.913	0
Oahu	2020-04-21-20:00	885.497	0	0	0	982.008	0	1.68921	0	0	-98.2008	0
Oahu	2020-04-21-22:00	757.907	0	0	0	735.525	0	3.00895	0	0	19.3729	0
Oahu	2020-05-01-00:00	698.657	0	0	0	569.248	0	10.3141	0	0	119.095	0
Oahu	2020-05-01-02:00	685.214	0	0	0	520.432	0	45.6879	0	0	119.095	0
Oahu	2020-05-01-04:00	678.641	0	0	0	596.178	0	52.1535	0	0	30.3095	0
Oahu	2020-05-01-06:00	802.991	0	0	0	867.601	0	22.1506	0	0	-86.7601	0
Oahu	2020-05-01-08:00	950.431	0	0	0	987.829	0	18.8578	0	0	-56.2558	0
Oahu	2020-05-01-10:00	1076.97	0	0	0	1045.51	0	10.0897	0	0	21.3724	0
Oahu	2020-05-01-12:00	1130.63	0	0	0	1058.28	0	4.11454	0	0	68.2386	0
Oahu	2020-05-01-14:00	1120.44	0	0	0	1064.17	0	2.17105	0	0	54.0999	0
Oahu	2020-05-01-16:00	1039.77	0	0	0	1042.89	0	1.61414	0	0	-4.73559	0
Oahu	2020-05-01-18:00	938.98	0	0	0	1042.02	0	1.16208	0	0	-104.202	0
Oahu	2020-05-01-20:00	885.804	0	0	0	982.74	0	1.33724	0	0	-98.274	0
Oahu	2020-05-01-22:00	697.134	0	0	0	756.589	0	2.52744	0	0	-61.982	0
Oahu	2020-05-17-00:00	600.671	0	0	0	564.609	0	9.99062	0	0	26.0713	0
Oahu	2020-05-17-02:00	591.26	0	0	0	509.277	0	43.6345	0	0	38.3486	0
Oahu	2020-05-17-04:00	590.343	0	0	0	565.127	0	50.4375	0	0	-25.2215	0
Oahu	2020-05-17-06:00	780.437	0	0	0	840.618	0	23.8806	0	0	-84.0618	0
Oahu	2020-05-17-08:00	1080.48	0	0	0	981.092	0	20.6378	0	0	78.748	0
Oahu	2020-05-17-10:00	1182.45	0	0	0	1045.78	0	10.3535	0	0	126.313	0
Oahu	2020-05-17-12:00	1207.19	0	0	0	1062.52	0	4.21166	0	0	140.459	0
Oahu	2020-05-17-14:00	1127.89	0	0	0	1062.81	0	2.29682	0	0	62.7803	0
Oahu	2020-05-17-16:00	959.549	0	0	0	1045.84	0	1.92607	0	0	-88.2164	0
Oahu	2020-05-17-18:00	915.754	0	0	0	1016.19	0	1.18484	0	0	-101.619	0
Oahu	2020-05-17-20:00	886.011	0	0	0	983.083	0	1.23652	0	0	-98.3083	0
Oahu	2020-05-17-22:00	680.031	0	0	0	752.935	0	2.38965	0	0	-75.2935	0
Oahu	2020-07-09-00:00	765.783	0	0	0	603.777	0	6.92845	0	0	155.078	0
Oahu	2020-07-09-02:00	758.224	0	0	0	544.947	0	24.1965	0	0	189.081	0
Oahu	2020-07-09-04:00	763.094	0	0	0	616.432	0	34.193	0	0	112.469	0
Oahu	2020-07-09-06:00	805.445	0	0	0	850.157	0	40.2577	0	0	-84.9697	0
Oahu	2020-07-09-08:00	1058.09	0	0	0	1023.32	0	37.4882	0	0	-2.71648	0
Oahu	2020-07-09-10:00	1181.55	0	0	0	1100.82	0	12.8502	0	0	67.8767	0
Oahu	2020-07-09-12:00	1110.62	0	0	0	1119.61	0	5.13103	0	0	-14.1189	0
Oahu	2020-07-09-14:00	1026.48	0	0	0	1118.72	0	3.48745	0	0	-95.7313	0
Oahu	2020-07-09-16:00	996.499	0	0	0	1100.6	0	4.87902	0	0	-108.978	0
Oahu	2020-07-09-18:00	977.588	0	0	0	1054.31	0	1.40022	0	0	-78.122	0
Oahu	2020-07-09-20:00	930.564	0	0	0	1033.65	0	0.283088	0	0	-103.365	0
Oahu	2020-07-09-22:00	775.065	0	0	0	810.483	0	1.08531	0	0	-36.5036	0
Oahu	2020-07-21-00:00	688.675	0	0	0	672.529	0	6.92845	0	0	9.21714	0
Oahu	2020-07-21-02:00	675.306	0	0	0	601.494	0	24.1965	0	0	49.6161	0
Oahu	2020-07-21-04:00	680.726	0	0	0	609.278	0	34.193	0	0	37.2556	0
Oahu	2020-07-21-06:00	758.454	0	0	0	743.373	0	40.2577	0	0	-25.1766	0
Oahu	2020-07-21-08:00	959.566	0	0	0	951.778	0	37.4882	0	0	-29.7001	0
Oahu	2020-07-21-10:00	1100.51	0	0	0	1032.05	0	12.8502	0	0	55.6155	0
Oahu	2020-07-21-12:00	1148.41	0	0	0	1027.44	0	5.13103	0	0	115.845	0
Oahu	2020-07-21-14:00	1102.23	0	0	0	1013.93	0	3.48745	0	0	84.8145	0
Oahu	2020-07-21-16:00	1001.62	0	0	0	1015.18	0	4.87902	0	0	-18.4378	0
Oahu	2020-07-21-18:00	898.202	0	0	0	996.446	0	1.40022	0	0	-99.6446	0
Oahu	2020-07-21-20:00	879.287	0	0	0	976.671	0	0.283088	0	0	-97.6671	0
Oahu	2020-07-21-22:00	736.726	0	0	0	817.378	0	1.08531	0	0	-81.7378	0
Oahu	2020-07-27-00:00	581.505	0	0	0	638.419	0	6.92845	0	0	-63.8419	0
Oahu	2020-07-27-02:00	538.57	0	0	0	558.373	0	24.1965	0	0	-43.9992	0
Oahu	2020-07-27-04:00	542.729	0	0	0	565.04	0	34.193	0	0	-56.504	0
Oahu	2020-07-27-06:00	644.402	0	0	0	644.754	0	40.2577	0	0	-40.6096	0
Oahu	2020-07-27-08:00	897.991	0	0	0	839.23	0	37.4882	0	0	21.2725	0
Oahu	2020-07-27-10:00	1091.1	0	0	0	940.122	0	12.8502	0	0	138.129	0
Oahu	2020-07-27-12:00	1133.24	0	0	0	956.6	0	5.13103	0	0	171.514	0
Oahu	2020-07-27-14:00	1147.55	0	0	0	966.491	0	3.48745	0	0	177.574	0
Oahu	2020-07-27-16:00	969.659	0	0	0	991.843	0	4.87902	0	0	-27.0627	0
Oahu	2020-07-27-18:00	880.072	0	0	0	976.302	0	1.40022	0	0	-97.6302	0
Oahu	2020-07-27-20:00	889.978	0	0	0	988.549	0	0.283088	0	0	-98.8549	0
Oahu	2020-07-27-22:00	720.969	0	0	0	799.871	0	1.08531	0	0	-79.9871	0
Oahu	2020-08-25-00:00	757.489	0	0	0	652.338	0	28.5532	0	0	76.5982	0
Oahu	2020-08-25-02:00	757.489	0	0	0	576.522	0	40.0168	0	0	140.951	0
Oahu	2020-08-25-04:00	672.189	0	0	0	590.189	0	22.7661	0	0	59.2342	0
Oahu	2020-08-25-06:00	673.477	0	0	0	725.038	0	20.9424	0	0	-72.5038	0
Oahu	2020-08-25-08:00	933.04	0	0	0	965.299	0	20.9424	0	0	-53.2006	0
Oahu	2020-08-25-10:00	1084.14	0	0	0	1046.6	0	9.89124	0	0	27.6406	0
Oahu	2020-08-25-12:00	1050.67	0	0	0	1033	0	4.15269	0	0	13.5148	0
Oahu	2020-08-25-14:00	1087.38	0	0	0	1018.61	0	2.83578	0	0	65.9382	0
Oahu	2020-08-25-16:00	1019.76	0	0	0	1031.65	0	3.46039	0	0	-15.3504	0
Oahu	2020-08-25-18:00	929.496	0	0	0	1026.62	0	5.54255	0	0	-102.662	0
Oahu	2020-08-25-20:00	915.558	0	0	0	982.487	0	6.96183	0	0	-73.8902	0
Oahu	2020-08-25-22:00	768.348	0	0	0	828.503	0	6.11478	0	0	-66.2703	0
Oahu	2020-09-10-00:00	743.37	0	0	0	612.781	0	9.89252	0	0	120.697	0
Oahu	2020-09-10-02:00	750.343	0	0	0	561.255	0	39.9849	0	0	149.103	0
Oahu	2020-09-10-04:00	734.432	0	0	0	629.831	0	50.5542	0	0	54.0466	0
Oahu	2020-09-10-06:00	825.917	0	0	0	886.205	0	28.3324	0	0	-88.6205	0
Oahu	2020-09-10-08:00	1053.62	0	0	0	1019.08	0	20.2035	0	0	14.332	0
Oahu	2020-09-10-10:00	1114.46	0	0	0	1097.93	0	10.2601	0	0	6.27276	0
Oahu	2020-09-10-12:00	1169.01	0	0	0	1110.82	0	4.14015	0	0	54.0473	0
Oahu	2020-09-10-14:00	1106.27	0	0	0	1110.87	0	2.37824	0	0	-6.98065	0
Oahu	2020-09-10-16:00	1036.11	0	0	0	1095.06	0	1.83531	0	0	-60.7808	0
Oahu	2020-09-10-18:00	1000.16	0	0	0	1110.14	0	1.03393	0	0	-111.014	0
Oahu	2020-09-10-20:00	910.224	0	0	0	1010.01	0	1.21174	0	0	-101.001	0
Oahu	2020-09-10-22:00	739.91	0	0	0	767.658	0	2.3532	0	0	-30.1015	0
Oahu	2020-10-03-00:00	776.506	0	0	0	615.617	0	11.1862	0	0	149.703	0
Oahu	2020-10-03-02:00	781.449	0	0	0	565.303	0	49.0825	0	0	167.064	0
Oahu	2020-10-03-04:00	765.172	0	0	0	638.144	0	57.2304	0	0	69.7974	0
Oahu	2020-10-03-06:00	827.225	0	0	0	896.623	0	20.2646	0	0	-89.6623	0
Oahu	2020-10-03-08:00	1064.21	0	0	0	1040.21	0	13.3699	0	0	10.6261	0
Oahu	2020-10-03-10:00	1181.39	0	0	0	1105.43	0	9.25601	0	0	66.7058	0
Oahu	2020-10-03-12:00	1086.95	0	0	0	1121.87	0	3.78129	0	0	-38.7062	0
Oahu	2020-10-03-14:00	1013.82	0	0	0	1112.24	0	1.86258	0	0	-100.289	0
Oahu	2020-10-03-16:00	970.286	0	0	0	1071.95	0	0.642051	0	0	-102.301	0
Oahu	2020-10-03-18:00	981.404	0	0	0	1089.35	0	0.989122	0	0	-108.935	0
Oahu	2020-10-03-20:00	937.503	0	0	0	983.061	0	1.61284	0	0	-47.1702	0
Oahu	2020-10-03-22:00	824.431	0	0	0	798.361	0	2.90267	0	0	23.1672	0
Oahu	2020-11-08-00:00	645.081	0	0	0	603.77	0	10.5507	0	0	30.7601	0
Oahu	2020-11-08-02:00	650.139	0	0	0	544.617	0	39.7821	0	0	65.7401	0
Oahu	2020-11-08-04:00	618.76	0	0	0	558.979	0	54.9677	0	0	4.81345	0
Oahu	2020-11-08-06:00	648.812	0	0	0	687.018	0	30.4959	0	0	-68.7018	0
Oahu	2020-11-08-08:00	888.844	0	0	0	872.849	0	15.172	0	0	0.822732	0
Oahu	2020-11-08-10:00	1027.31	0	0	0	944.925	0	9.47249	0	0	72.9111	0
Oahu	2020-11-08-12:00	1105.39	0	0	0	958.361	0	3.79643	0	0	143.236	0
Oahu	2020-11-08-14:00	1036.66	0	0	0	928.744	0	2.18496	0	0	105.728	0
Oahu	2020-11-08-16:00	839.931	0	0	0	932.22	0	0.932377	0	0	-93.222	0
Oahu	2020-11-08-18:00	891.73	0	0	0	989.967	0	0.759267	0	0	-98.9967	0
Oahu	2020-11-08-20:00	801.758	0	0	0	889.259	0	1.42501	0	0	-88.9259	0
Oahu	2020-11-08-22:00	670.13	0	0	0	741.655	0	2.64127	0	0	-74.1655	0
Oahu	2020-12-05-00:00	709.313	0	0	0	566.664	0	11.4445	0	0	131.205	0
Oahu	2020-12-05-02:00	718.676	0	0	0	515.812	0	52.8638	0	0	150.001	0
Oahu	2020-12-05-04:00	741.333	0	0	0	586.789	0	58.1504	0	0	96.3929	0
Oahu	2020-12-05-06:00	791.336	0	0	0	861.368	0	16.1048	0	0	-86.1368	0
Oahu	2020-12-05-08:00	908.627	0	0	0	961.654	0	12.6373	0	0	-65.6644	0
Oahu	2020-12-05-10:00	1025.5	0	0	0	1016.73	0	9.168	0	0	-0.394079	0
Oahu	2020-12-05-12:00	1031.14	0	0	0	1029.14	0	3.77514	0	0	-1.78083	0
Oahu	2020-12-05-14:00	1011.06	0	0	0	1006.55	0	1.73151	0	0	2.77609	0
Oahu	2020-12-05-16:00	937.942	0	0	0	980.339	0	0.524012	0	0	-42.9211	0
Oahu	2020-12-05-18:00	904.331	0	0	0	1003.61	0	1.08257	0	0	-100.361	0
Oahu	2020-12-05-20:00	807.641	0	0	0	895.502	0	1.68921	0	0	-89.5502	0
Oahu	2020-12-05-22:00	743.436	0	0	0	733.993	0	3.00895	0	0	6.43407	0
Oahu	2020-12-08-00:00	758.061	0	0	0	532.713	0	9.59726	0	0	215.751	0
Oahu	2020-12-08-02:00	731.088	0	0	0	489.374	0	25.8293	0	0	215.885	0
Oahu	2020-12-08-04:00	746.911	0	0	0	573.673	0	51.573	0	0	121.664	0
Oahu	2020-12-08-06:00	804.538	0	0	0	842.992	0	45.8455	0	0	-84.2992	0
Oahu	2020-12-08-08:00	892.748	0	0	0	949.407	0	17.8755	0	0	-74.5341	0
Oahu	2020-12-08-10:00	926.302	0	0	0	1001.99	0	9.79725	0	0	-85.4808	0
Oahu	2020-12-08-12:00	980.761	0	0	0	1010.64	0	3.81914	0	0	-33.7002	0
Oahu	2020-12-08-14:00	952.801	0	0	0	1006.33	0	2.66861	0	0	-56.1988	0
Oahu	2020-12-08-16:00	921.02	0	0	0	979.264	0	1.36794	0	0	-59.6125	0
Oahu	2020-12-08-18:00	959.464	0	0	0	1065.61	0	0.414427	0	0	-106.561	0
Oahu	2020-12-08-20:00	844.443	0	0	0	937	0	1.1432	0	0	-93.7	0
Oahu	2020-12-08-22:00	751.872	0	0	0	708.836	0	2.2491	0	0	40.787	0
Oahu	2020-12-15-00:00	662.626	0	0	0	592.101	0	10.3649	0	0	60.1601	0
Oahu	2020-12-15-02:00	676.034	0	0	0	519.075	0	37.0638	0	0	119.896	0
Oahu	2020-12-15-04:00	644.991	0	0	0	546.476	0	54.3063	0	0	44.208	0
Oahu	2020-12-15-06:00	665.111	0	0	0	689.492	0	33.4863	0	0	-57.8673	0
Oahu	2020-12-15-08:00	809.025	0	0	0	881.473	0	15.6987	0	0	-88.1473	0
Oahu	2020-12-15-10:00	940.855	0	0	0	938.167	0	9.53576	0	0	-6.84746	0
Oahu	2020-12-15-12:00	1013.99	0	0	0	924.95	0	3.80086	0	0	85.2355	0
Oahu	2020-12-15-14:00	988.85	0	0	0	890.146	0	2.27919	0	0	96.4244	0
Oahu	2020-12-15-16:00	915.247	0	0	0	906.333	0	1.01723	0	0	7.89658	0
Oahu	2020-12-15-18:00	881.113	0	0	0	978.246	0	0.692086	0	0	-97.8246	0
Oahu	2020-12-15-20:00	801.449	0	0	0	888.976	0	1.3701	0	0	-88.8976	0
Oahu	2020-12-15-22:00	670.69	0	0	0	742.361	0	2.56487	0	0	-74.2361	0
Oahu	2020-12-18-00:00	681.158	0	0	0	540.245	0	27.2086	0	0	113.705	0
Oahu	2020-12-18-02:00	679.176	0	0	0	481.898	0	56.5385	0	0	140.739	0
Oahu	2020-12-18-04:00	682.414	0	0	0	561.673	0	41.6373	0	0	79.1038	0
Oahu	2020-12-18-06:00	764.605	0	0	0	835.421	0	12.7255	0	0	-83.5421	0
Oahu	2020-12-18-08:00	838.703	0	0	0	918.212	0	12.3124	0	0	-91.8212	0
Oahu	2020-12-18-10:00	977.769	0	0	0	960.068	0	9.0895	0	0	8.61203	0
Oahu	2020-12-18-12:00	1031.79	0	0	0	979.022	0	3.25562	0	0	49.5091	0
Oahu	2020-12-18-14:00	1062.79	0	0	0	967.537	0	1.2884	0	0	93.9611	0
Oahu	2020-12-18-16:00	922.876	0	0	0	960.934	0	0.822965	0	0	-38.8815	0
Oahu	2020-12-18-18:00	962.91	0	0	0	1067.98	0	1.73127	0	0	-106.798	0
Oahu	2020-12-18-20:00	849.926	0	0	0	942.284	0	1.87078	0	0	-94.2284	0
Oahu	2020-12-18-22:00	667.838	0	0	0	734.498	0	3.69934	0	0	-70.3594	0
Oahu	2020-12-19-00:00	643.081	0	0	0	544.148	0	27.9443	0	0	70.9888	0
Oahu	2020-12-19-02:00	663.875	0	0	0	489.198	0	26.8868	0	0	147.79	0
Oahu	2020-12-19-04:00	672.12	0	0	0	569.829	0	6.52504	0	0	95.7663	0
Oahu	2020-12-19-06:00	758.837	0	0	0	838.908	0	3.81905	0	0	-83.8908	0
Oahu	2020-12-19-08:00	895.253	0	0	0	935.287	0	7.26574	0	0	-47.2999	0
Oahu	2020-12-19-10:00	988.032	0	0	0	990.473	0	7.29706	0	0	-9.73866	0
Oahu	2020-12-19-12:00	1063.66	0	0	0	988.73	0	6.33642	0	0	68.5892	0
Oahu	2020-12-19-14:00	1080.22	0	0	0	988.055	0	13.6587	0	0	78.5026	0
Oahu	2020-12-19-16:00	957.706	0	0	0	984.376	0	17.196	0	0	-43.8658	0
Oahu	2020-12-19-18:00	983.643	0	0	0	1072.18	0	18.6776	0	0	-107.218	0
Oahu	2020-12-19-20:00	879.15	0	0	0	954.489	0	20.1106	0	0	-95.4489	0
Oahu	2020-12-19-22:00	684.031	0	0	0	741.742	0	16.4628	0	0	-74.1742	0
Oahu	2025-01-09-00:00	771.448	0	0	0	545.901	0	131.532	0	0	94.0151	0
Oahu	2025-01-09-02:00	737.85	0	0	0	500.562	0	287.343	0	0	-50.0562	0
Oahu	2025-01-09-04:00	746.765	0	0	0	560.147	0	242.633	0	0	-56.0147	0
Oahu	2025-01-09-06:00	800.86	0	0	0	761.268	0	115.719	0	0	-76.1268	0
Oahu	2025-01-09-08:00	1026.89	0	0	0	881.115	0	108.959	0	0	36.8146	0
Oahu	2025-01-09-10:00	1179.94	0	0	0	958.971	0	59.3536	0	0	161.619	0
Oahu	2025-01-09-12:00	1089.41	0	0	0	977.606	0	22.0234	0	0	89.7827	0
Oahu	2025-01-09-14:00	1097.91	0	0	0	988.688	0	11.0849	0	0	98.1355	0
Oahu	2025-01-09-16:00	905.599	0	0	0	980.225	0	10.9993	0	0	-85.625	0
Oahu	2025-01-09-18:00	959.471	0	0	0	1055.13	0	9.85555	0	0	-105.513	0
Oahu	2025-01-09-20:00	842.715	0	0	0	926.13	0	9.19782	0	0	-92.613	0
Oahu	2025-01-09-22:00	737.095	0	0	0	727.133	0	24.3809	0	0	-14.4187	0
Oahu	2025-04-21-00:00	766.925	0	0	0	557.68	0	265.013	0	0	-55.768	0
Oahu	2025-04-21-02:00	779.286	0	0	0	511.452	0	318.979	0	0	-51.1452	0
Oahu	2025-04-21-04:00	779.868	0	0	0	584.01	0	110.737	0	0	85.1214	0
Oahu	2025-04-21-06:00	782.536	0	0	0	815.595	0	48.5002	0	0	-81.5595	0
Oahu	2025-04-21-08:00	924.321	0	0	0	932.551	0	67.0992	0	0	-75.3293	0
Oahu	2025-04-21-10:00	1112.23	0	0	0	989.77	0	49.6633	0	0	72.8011	0
Oahu	2025-04-21-12:00	1194.75	0	0	0	1002.8	0	16.9167	0	0	175.031	0
Oahu	2025-04-21-14:00	1183.29	0	0	0	1005.64	0	14.089	0	0	163.554	0
Oahu	2025-04-21-16:00	988.744	0	0	0	986.686	0	18.4182	0	0	-16.3601	0
Oahu	2025-04-21-18:00	921.35	0	0	0	996.21	0	24.7609	0	0	-99.621	0
Oahu	2025-04-21-20:00	878.391	0	0	0	936.858	0	35.2191	0	0	-93.6858	0
Oahu	2025-04-21-22:00	759.562	0	0	0	718.912	0	63.6868	0	0	-23.0378	0
Oahu	2025-05-01-00:00	675.002	0	0	0	571.886	0	114.649	0	0	-11.5335	0
Oahu	2025-05-01-02:00	737.257	0	0	0	528.722	0	261.407	0	0	-52.8722	0
Oahu	2025-05-01-04:00	820.383	0	0	0	595.698	0	275.025	0	0	-50.34	0
Oahu	2025-05-01-06:00	858.942	0	0	0	835.696	0	106.816	0	0	-83.5696	0
Oahu	2025-05-01-08:00	964.299	0	0	0	942.005	0	93.7025	0	0	-71.4079	0
Oahu	2025-05-01-10:00	1142.81	0	0	0	993.005	0	54.3423	0	0	95.4583	0
Oahu	2025-05-01-12:00	1195.77	0	0	0	1004.3	0	20.3028	0	0	171.168	0
Oahu	2025-05-01-14:00	1190.25	0	0	0	1009.51	0	11.8105	0	0	168.928	0
Oahu	2025-05-01-16:00	1053.37	0	0	0	990.69	0	11.0345	0	0	51.6474	0
Oahu	2025-05-01-18:00	900.245	0	0	0	989.921	0	9.31591	0	0	-98.9921	0
Oahu	2025-05-01-20:00	880.582	0	0	0	937.505	0	11.291	0	0	-68.2141	0
Oahu	2025-05-01-22:00	750.649	0	0	0	737.537	0	63.3845	0	0	-50.2727	0
Oahu	2025-05-17-00:00	762.201	0	0	0	567.785	0	251.194	0	0	-56.7785	0
Oahu	2025-05-17-02:00	752.846	0	0	0	518.859	0	285.873	0	0	-51.8859	0
Oahu	2025-05-17-04:00	742.025	0	0	0	568.242	0	127.658	0	0	46.1244	0
Oahu	2025-05-17-06:00	811.645	0	0	0	811.838	0	80.9911	0	0	-81.1838	0
Oahu	2025-05-17-08:00	1083.76	0	0	0	936.047	0	94.3709	0	0	53.3387	0
Oahu	2025-05-17-10:00	1193.12	0	0	0	993.249	0	53.9309	0	0	145.939	0
Oahu	2025-05-17-12:00	1200.74	0	0	0	1008.05	0	15.8388	0	0	176.85	0
Oahu	2025-05-17-14:00	1113.86	0	0	0	1008.31	0	8.31431	0	0	97.2377	0
Oahu	2025-05-17-16:00	921.559	0	0	0	993.298	0	14.5271	0	0	-86.2669	0
Oahu	2025-05-17-18:00	889.311	0	0	0	967.08	0	15.0473	0	0	-92.816	0
Oahu	2025-05-17-20:00	856.827	0	0	0	937.808	0	12.7998	0	0	-93.7808	0
Oahu	2025-05-17-22:00	750.062	0	0	0	734.306	0	72.5346	0	0	-56.7785	0
Oahu	2025-07-09-00:00	766.732	0	0	0	602.418	0	218.377	0	0	-54.0629	0
Oahu	2025-07-09-02:00	773.44	0	0	0	550.399	0	278.081	0	0	-55.0399	0
Oahu	2025-07-09-04:00	762.559	0	0	0	613.608	0	131.15	0	0	17.8011	0
Oahu	2025-07-09-06:00	851.752	0	0	0	820.272	0	113.507	0	0	-82.0272	0
Oahu	2025-07-09-08:00	1131.62	0	0	0	973.386	0	124.084	0	0	34.1466	0
Oahu	2025-07-09-10:00	1241.4	0	0	0	1041.92	0	60.6686	0	0	138.82	0
Oahu	2025-07-09-12:00	1268.86	0	0	0	1058.53	0	19.5766	0	0	190.752	0
Oahu	2025-07-09-14:00	1120.01	0	0	0	1057.74	0	10.1017	0	0	52.1683	0
Oahu	2025-07-09-16:00	1042.04	0	0	0	1041.72	0	16.5318	0	0	-16.2082	0
Oahu	2025-07-09-18:00	933.211	0	0	0	1000.79	0	13.9008	0	0	-81.478	0
Oahu	2025-07-09-20:00	893.925	0	0	0	982.517	0	9.66015	0	0	-98.2517	0
Oahu	2025-07-09-22:00	776.013	0	0	0	785.191	0	37.4421	0	0	-46.6205	0
Oahu	2025-07-21-00:00	788.95	0	0	0	663.21	0	120.765	0	0	4.97497	0
Oahu	2025-07-21-02:00	727.976	0	0	0	600.399	0	187.617	0	0	-60.0399	0
Oahu	2025-07-21-04:00	786.296	0	0	0	607.282	0	149.046	0	0	29.9685	0
Oahu	2025-07-21-06:00	805.34	0	0	0	725.852	0	152.074	0	0	-72.5852	0
Oahu	2025-07-21-08:00	960.471	0	0	0	910.127	0	141.357	0	0	-91.0127	0
Oahu	2025-07-21-10:00	1112.09	0	0	0	981.104	0	61.6336	0	0	69.3474	0
Oahu	2025-07-21-12:00	1164.95	0	0	0	977.026	0	29.3179	0	0	158.604	0
Oahu	2025-07-21-14:00	1221.99	0	0	0	965.081	0	29.1937	0	0	227.716	0
Oahu	2025-07-21-16:00	916.155	0	0	0	966.185	0	36.094	0	0	-86.1237	0
Oahu	2025-07-21-18:00	941.241	0	0	0	949.624	0	40.2151	0	0	-48.5981	0
Oahu	2025-07-21-20:00	885.473	0	0	0	932.138	0	46.548	0	0	-93.2138	0
Oahu	2025-07-21-22:00	791.472	0	0	0	791.289	0	39.2206	0	0	-39.0368	0
Oahu	2025-07-27-00:00	657.458	0	0	0	633.049	0	34.998	0	0	-10.5889	0
Oahu	2025-07-27-02:00	617.761	0	0	0	562.271	0	111.717	0	0	-56.2271	0
Oahu	2025-07-27-04:00	704.065	0	0	0	568.166	0	188.634	0	0	-52.7352	0
Oahu	2025-07-27-06:00	756.055	0	0	0	638.65	0	181.269	0	0	-63.865	0
Oahu	2025-07-27-08:00	967.59	0	0	0	810.61	0	206.425	0	0	-49.4452	0
Oahu	2025-07-27-10:00	1155.4	0	0	0	899.821	0	119.863	0	0	135.713	0
Oahu	2025-07-27-12:00	1152.78	0	0	0	914.391	0	44.1097	0	0	194.279	0
Oahu	2025-07-27-14:00	1153.75	0	0	0	923.137	0	31.7403	0	0	198.871	0
Oahu	2025-07-27-16:00	957.554	0	0	0	945.554	0	49.1099	0	0	-37.1096	0
Oahu	2025-07-27-18:00	885.176	0	0	0	931.812	0	40.41	0	0	-87.0461	0
Oahu	2025-07-27-20:00	862.263	0	0	0	942.642	0	13.8853	0	0	-94.2642	0
Oahu	2025-07-27-22:00	709.146	0	0	0	775.808	0	10.9187	0	0	-77.5808	0
Oahu	2025-08-25-00:00	751.471	0	0	0	645.356	0	132.237	0	0	-26.1221	0
Oahu	2025-08-25-02:00	744.337	0	0	0	578.318	0	223.851	0	0	-57.8318	0
Oahu	2025-08-25-04:00	736.411	0	0	0	590.403	0	184.566	0	0	-38.5577	0
Oahu	2025-08-25-06:00	800.425	0	0	0	709.639	0	161.75	0	0	-70.9639	0
Oahu	2025-08-25-08:00	1041.61	0	0	0	922.083	0	157.736	0	0	-38.2121	0
Oahu	2025-08-25-10:00	1195.99	0	0	0	993.975	0	65.9091	0	0	136.11	0
Oahu	2025-08-25-12:00	1176.86	0	0	0	981.95	0	24.0237	0	0	170.886	0
Oahu	2025-08-25-14:00	1165.91	0	0	0	969.218	0	14.5749	0	0	182.12	0
Oahu	2025-08-25-16:00	999.073	0	0	0	980.756	0	20.5034	0	0	-2.18651	0
Oahu	2025-08-25-18:00	889.658	0	0	0	976.3	0	10.9875	0	0	-97.63	0
Oahu	2025-08-25-20:00	850.426	0	0	0	937.281	0	6.87337	0	0	-93.7281	0
Oahu	2025-08-25-22:00	767.311	0	0	0	801.126	0	30.0688	0	0	-63.8836	0
Oahu	2025-09-10-00:00	748.876	0	0	0	610.38	0	183.006	0	0	-44.5093	0
Oahu	2025-09-10-02:00	751.559	0	0	0	564.819	0	243.222	0	0	-56.4819	0
Oahu	2025-09-10-04:00	746.118	0	0	0	625.455	0	183.208	0	0	-62.5455	0
Oahu	2025-09-10-06:00	848.936	0	0	0	852.147	0	82.0037	0	0	-85.2147	0
Oahu	2025-09-10-08:00	1122.29	0	0	0	969.638	0	96.6733	0	0	55.9773	0
Oahu	2025-09-10-10:00	1202.15	0	0	0	1039.35	0	69.2714	0	0	93.5201	0
Oahu	2025-09-10-12:00	1239.01	0	0	0	1050.76	0	22.4505	0	0	165.797	0
Oahu	2025-09-10-14:00	1175.17	0	0	0	1050.8	0	14.2221	0	0	110.152	0
Oahu	2025-09-10-16:00	1157.54	0	0	0	1036.82	0	21.5048	0	0	99.2154	0
Oahu	2025-09-10-18:00	968.09	0	0	0	1050.15	0	22.9516	0	0	-105.015	0
Oahu	2025-09-10-20:00	881.022	0	0	0	961.62	0	15.5639	0	0	-96.162	0
Oahu	2025-09-10-22:00	751.596	0	0	0	747.325	0	79.0034	0	0	-74.7325	0
Oahu	2025-10-03-00:00	777.455	0	0	0	612.887	0	206.675	0	0	-42.1073	0
Oahu	2025-10-03-02:00	832.298	0	0	0	568.398	0	320.739	0	0	-56.8398	0
Oahu	2025-10-03-04:00	766.121	0	0	0	632.806	0	196.595	0	0	-63.2806	0
Oahu	2025-10-03-06:00	867.652	0	0	0	861.358	0	92.4294	0	0	-86.1358	0
Oahu	2025-10-03-08:00	1132.56	0	0	0	988.324	0	77.3886	0	0	66.8501	0
Oahu	2025-10-03-10:00	1252.82	0	0	0	1045.99	0	54.4283	0	0	152.401	0
Oahu	2025-10-03-12:00	1198.61	0	0	0	1060.53	0	17.8594	0	0	120.222	0
Oahu	2025-10-03-14:00	1121.34	0	0	0	1052.01	0	7.45567	0	0	61.8706	0
Oahu	2025-10-03-16:00	1087.12	0	0	0	1016.38	0	6.97794	0	0	63.7578	0
Oahu	2025-10-03-18:00	940.332	0	0	0	1031.77	0	11.7377	0	0	-103.177	0
Oahu	2025-10-03-20:00	872.061	0	0	0	937.788	0	11.4925	0	0	-77.2201	0
Oahu	2025-10-03-22:00	767.434	0	0	0	774.473	0	29.3017	0	0	-36.3407	0
Oahu	2025-11-08-00:00	649.999	0	0	0	602.412	0	68.2082	0	0	-20.621	0
Oahu	2025-11-08-02:00	774.468	0	0	0	550.107	0	144.666	0	0	79.6951	0
Oahu	2025-11-08-04:00	702.707	0	0	0	562.807	0	189.534	0	0	-49.6336	0
Oahu	2025-11-08-06:00	832.91	0	0	0	676.021	0	224.491	0	0	-67.6021	0
Oahu	2025-11-08-08:00	1009.17	0	0	0	840.337	0	211.244	0	0	-42.4121	0
Oahu	2025-11-08-10:00	1034.25	0	0	0	904.068	0	73.5582	0	0	56.6269	0
Oahu	2025-11-08-12:00	1117.2	0	0	0	915.948	0	28.5866	0	0	172.663	0
Oahu	2025-11-08-14:00	1071.87	0	0	0	889.76	0	20.3512	0	0	161.754	0
Oahu	2025-11-08-16:00	869.259	0	0	0	892.834	0	29.5659	0	0	-53.141	0
Oahu	2025-11-08-18:00	874.467	0	0	0	943.895	0	9.9834	0	0	-79.4118	0
Oahu	2025-11-08-20:00	773.363	0	0	0	854.847	0	4.00078	0	0	-85.4847	0
Oahu	2025-11-08-22:00	680.79	0	0	0	724.332	0	28.8913	0	0	-72.4332	0
Oahu	2025-12-05-00:00	746.399	0	0	0	569.601	0	233.758	0	0	-56.9601	0
Oahu	2025-12-05-02:00	755.762	0	0	0	524.637	0	283.589	0	0	-52.4637	0
Oahu	2025-12-05-04:00	762.415	0	0	0	587.397	0	127.17	0	0	47.8481	0
Oahu	2025-12-05-06:00	837.56	0	0	0	830.186	0	90.3928	0	0	-83.0186	0
Oahu	2025-12-05-08:00	1012.39	0	0	0	918.86	0	103.11	0	0	-9.58372	0
Oahu	2025-12-05-10:00	1083.87	0	0	0	967.555	0	56.4376	0	0	59.8734	0
Oahu	2025-12-05-12:00	1129.64	0	0	0	978.536	0	18.519	0	0	132.589	0
Oahu	2025-12-05-14:00	1068.88	0	0	0	958.557	0	12.1104	0	0	98.2155	0
Oahu	2025-12-05-16:00	970.038	0	0	0	935.382	0	18.692	0	0	15.9638	0
Oahu	2025-12-05-18:00	899.704	0	0	0	955.958	0	18.8337	0	0	-75.0878	0
Oahu	2025-12-05-20:00	790.553	0	0	0	860.367	0	16.2223	0	0	-86.0367	0
Oahu	2025-12-05-22:00	780.466	0	0	0	717.558	0	54.2475	0	0	8.66054	0
Oahu	2025-12-08-00:00	758.347	0	0	0	539.581	0	213.022	0	0	5.74343	0
Oahu	2025-12-08-02:00	741.927	0	0	0	501.26	0	290.793	0	0	-50.126	0
Oahu	2025-12-08-04:00	747.197	0	0	0	575.799	0	192.989	0	0	-21.5921	0
Oahu	2025-12-08-06:00	801.048	0	0	0	813.937	0	68.5049	0	0	-81.3937	0
Oahu	2025-12-08-08:00	966.924	0	0	0	908.031	0	72.4331	0	0	-13.5405	0
Oahu	2025-12-08-10:00	1067.98	0	0	0	954.522	0	49.9459	0	0	63.5153	0
Oahu	2025-12-08-12:00	1115.53	0	0	0	962.176	0	15.5453	0	0	137.806	0
Oahu	2025-12-08-14:00	1145.89	0	0	0	958.364	0	8.26594	0	0	179.255	0
Oahu	2025-12-08-16:00	912.808	0	0	0	934.431	0	10.6501	0	0	-32.2734	0
Oahu	2025-12-08-18:00	922.855	0	0	0	1010.78	0	13.1526	0	0	-101.078	0
Oahu	2025-12-08-20:00	851.679	0	0	0	897.061	0	14.0227	0	0	-59.4046	0
Oahu	2025-12-08-22:00	752.158	0	0	0	695.313	0	83.7565	0	0	-26.9116	0
Oahu	2025-12-15-00:00	712.36	0	0	0	592.094	0	179.476	0	0	-59.2094	0
Oahu	2025-12-15-02:00	731.204	0	0	0	527.522	0	256.434	0	0	-52.7522	0
Oahu	2025-12-15-04:00	710.939	0	0	0	551.751	0	178.907	0	0	-19.7196	0
Oahu	2025-12-15-06:00	686.3	0	0	0	678.209	0	75.9116	0	0	-67.8209	0
Oahu	2025-12-15-08:00	904.01	0	0	0	847.963	0	79.8513	0	0	-23.8045	0
Oahu	2025-12-15-10:00	1049.69	0	0	0	898.092	0	52.2114	0	0	99.3864	0
Oahu	2025-12-15-12:00	1129.5	0	0	0	886.405	0	21.5	0	0	221.595	0
Oahu	2025-12-15-14:00	1019.36	0	0	0	855.631	0	22.6246	0	0	141.102	0
Oahu	2025-12-15-16:00	886.224	0	0	0	869.944	0	28.2645	0	0	-11.9845	0
Oahu	2025-12-15-18:00	894.872	0	0	0	933.531	0	30.1776	0	0	-68.8365	0
Oahu	2025-12-15-20:00	800.794	0	0	0	854.597	0	31.657	0	0	-85.4597	0
Oahu	2025-12-15-22:00	728.526	0	0	0	724.957	0	76.0654	0	0	-72.4957	0
Oahu	2025-12-18-00:00	803.848	0	0	0	546.241	0	189.549	0	0	68.0571	0
Oahu	2025-12-18-02:00	801.905	0	0	0	494.65	0	345.361	0	0	-38.1055	0
Oahu	2025-12-18-04:00	805.144	0	0	0	565.189	0	222.276	0	0	17.6786	0
Oahu	2025-12-18-06:00	797.234	0	0	0	807.243	0	70.7159	0	0	-80.7243	0
Oahu	2025-12-18-08:00	885.253	0	0	0	880.447	0	73.3323	0	0	-68.5266	0
Oahu	2025-12-18-10:00	957.774	0	0	0	917.458	0	54.4061	0	0	-14.0896	0
Oahu	2025-12-18-12:00	1042.84	0	0	0	934.217	0	18.667	0	0	89.9552	0
Oahu	2025-12-18-14:00	1091.2	0	0	0	924.062	0	6.99117	0	0	160.143	0
Oahu	2025-12-18-16:00	920.805	0	0	0	918.224	0	5.4365	0	0	-2.85522	0
Oahu	2025-12-18-18:00	923.055	0	0	0	1012.87	0	11.4698	0	0	-101.287	0
Oahu	2025-12-18-20:00	833.799	0	0	0	901.733	0	11.5275	0	0	-79.4609	0
Oahu	2025-12-18-22:00	790.567	0	0	0	718.004	0	23.3477	0	0	49.2156	0
Oahu	2025-12-19-00:00	782.71	0	0	0	549.692	0	244.902	0	0	-11.8843	0
Oahu	2025-12-19-02:00	789.215	0	0	0	501.105	0	338.221	0	0	-50.1105	0
Oahu	2025-12-19-04:00	796.949	0	0	0	572.4	0	162.725	0	0	61.8247	0
Oahu	2025-12-19-06:00	789.085	0	0	0	810.326	0	59.7918	0	0	-81.0326	0
Oahu	2025-12-19-08:00	907.195	0	0	0	895.546	0	72.0528	0	0	-60.4036	0
Oahu	2025-12-19-10:00	1012.75	0	0	0	944.343	0	52.6805	0	0	15.7292	0
Oahu	2025-12-19-12:00	1087.13	0	0	0	942.801	0	16.0589	0	0	128.275	0
Oahu	2025-12-19-14:00	1104.74	0	0	0	942.204	0	6.08105	0	0	156.459	0
Oahu	2025-12-19-16:00	955.81	0	0	0	938.952	0	8.07806	0	0	8.78008	0
Oahu	2025-12-19-18:00	928.92	0	0	0	1016.59	0	13.9869	0	0	-101.659	0
Oahu	2025-12-19-20:00	843.337	0	0	0	912.524	0	12.9078	0	0	-82.0955	0
Oahu	2025-12-19-22:00	786.122	0	0	0	724.41	0	45.5949	0	0	16.118	0
Oahu	2030-01-09-00:00	779.661	0	0	0	612.797	0	228.143	0	0	-61.2797	0
Oahu	2030-01-09-02:00	790.204	0	0	0	583.194	0	265.329	0	0	-58.3194	0
Oahu	2030-01-09-04:00	849.565	0	0	0	622.1	0	289.676	0	0	-62.21	0
Oahu	2030-01-09-06:00	916.158	0	0	0	753.42	0	238.08	0	0	-75.342	0
Oahu	2030-01-09-08:00	1049.31	0	0	0	831.674	0	287.414	0	0	-69.7758	0
Oahu	2030-01-09-10:00	1249.36	0	0	0	882.51	0	181.381	0	0	185.473	0
Oahu	2030-01-09-12:00	1168.78	0	0	0	894.677	0	61.4588	0	0	212.642	0
Oahu	2030-01-09-14:00	1135.31	0	0	0	901.913	0	44.8259	0	0	188.572	0
Oahu	2030-01-09-16:00	964.573	0	0	0	896.387	0	74.197	0	0	-6.01082	0
Oahu	2030-01-09-18:00	916.158	0	0	0	945.295	0	65.3929	0	0	-94.5295	0
Oahu	2030-01-09-20:00	804.067	0	0	0	861.066	0	29.1074	0	0	-86.1066	0
Oahu	2030-01-09-22:00	786.995	0	0	0	731.132	0	128.976	0	0	-73.1132	0
Oahu	2030-04-21-00:00	766.981	0	0	0	620.489	0	208.541	0	0	-62.0489	0
Oahu	2030-04-21-02:00	779.342	0	0	0	590.304	0	248.068	0	0	-59.0304	0
Oahu	2030-04-21-04:00	779.924	0	0	0	637.68	0	206.012	0	0	-63.768	0
Oahu	2030-04-21-06:00	879.217	0	0	0	788.893	0	169.213	0	0	-78.8893	0
Oahu	2030-04-21-08:00	979.356	0	0	0	865.259	0	200.623	0	0	-86.5259	0
Oahu	2030-04-21-10:00	1151.55	0	0	0	902.62	0	198.134	0	0	50.7976	0
Oahu	2030-04-21-12:00	1335.58	0	0	0	911.13	0	120.711	0	0	303.737	0
Oahu	2030-04-21-14:00	1333.49	0	0	0	912.985	0	84.6513	0	0	335.855	0
Oahu	2030-04-21-16:00	913.928	0	0	0	900.606	0	103.383	0	0	-90.0606	0
Oahu	2030-04-21-18:00	945.407	0	0	0	906.825	0	129.264	0	0	-90.6825	0
Oahu	2030-04-21-20:00	897.457	0	0	0	868.071	0	116.193	0	0	-86.8071	0
Oahu	2030-04-21-22:00	762.376	0	0	0	725.765	0	109.188	0	0	-72.5765	0
Oahu	2030-05-01-00:00	766.403	0	0	0	629.765	0	199.615	0	0	-62.9765	0
Oahu	2030-05-01-02:00	743.338	0	0	0	601.581	0	201.915	0	0	-60.1581	0
Oahu	2030-05-01-04:00	826.464	0	0	0	645.312	0	245.683	0	0	-64.5312	0
Oahu	2030-05-01-06:00	896.454	0	0	0	802.018	0	174.638	0	0	-80.2018	0
Oahu	2030-05-01-08:00	1010.6	0	0	0	871.432	0	226.308	0	0	-87.1432	0
Oahu	2030-05-01-10:00	1194.96	0	0	0	904.732	0	175.306	0	0	114.92	0
Oahu	2030-05-01-12:00	1148.05	0	0	0	912.107	0	84.2957	0	0	151.649	0
Oahu	2030-05-01-14:00	1284.98	0	0	0	915.507	0	78.4283	0	0	291.049	0
Oahu	2030-05-01-16:00	1048.68	0	0	0	903.22	0	97.157	0	0	48.3055	0
Oahu	2030-05-01-18:00	916.544	0	0	0	902.719	0	104.097	0	0	-90.2719	0
Oahu	2030-05-01-20:00	891.622	0	0	0	868.494	0	109.978	0	0	-86.8494	0
Oahu	2030-05-01-22:00	860.694	0	0	0	737.926	0	196.561	0	0	-73.7926	0
Oahu	2030-05-17-00:00	687.212	0	0	0	627.086	0	122.834	0	0	-62.7086	0
Oahu	2030-05-17-02:00	715.778	0	0	0	595.14	0	180.152	0	0	-59.514	0
Oahu	2030-05-17-04:00	848.093	0	0	0	627.385	0	283.446	0	0	-62.7385	0
Oahu	2030-05-17-06:00	935.064	0	0	0	786.44	0	226.447	0	0	-77.8221	0
Oahu	2030-05-17-08:00	1194.61	0	0	0	867.542	0	312.757	0	0	14.3077	0
Oahu	2030-05-17-10:00	1230.97	0	0	0	904.891	0	255.873	0	0	70.2066	0
Oahu	2030-05-17-12:00	1273.15	0	0	0	914.555	0	99.3672	0	0	259.227	0
Oahu	2030-05-17-14:00	1204.64	0	0	0	914.724	0	69.1713	0	0	220.745	0
Oahu	2030-05-17-16:00	953.665	0	0	0	904.924	0	108.975	0	0	-60.2343	0
Oahu	2030-05-17-18:00	920.952	0	0	0	887.804	0	114.166	0	0	-81.0185	0
Oahu	2030-05-17-20:00	834.286	0	0	0	868.691	0	52.4641	0	0	-86.8691	0
Oahu	2030-05-17-22:00	730.562	0	0	0	735.816	0	68.3282	0	0	-73.5816	0
Oahu	2030-07-09-00:00	744.453	0	0	0	649.7	0	159.723	0	0	-64.97	0
Oahu	2030-07-09-02:00	738.921	0	0	0	615.734	0	184.76	0	0	-61.5734	0
Oahu	2030-07-09-04:00	858.152	0	0	0	657.006	0	266.847	0	0	-65.7006	0
Oahu	2030-07-09-06:00	938.747	0	0	0	791.947	0	225.995	0	0	-79.1947	0
Oahu	2030-07-09-08:00	1169.04	0	0	0	891.922	0	301.55	0	0	-24.4329	0
Oahu	2030-07-09-10:00	1209.81	0	0	0	936.668	0	224.388	0	0	48.753	0
Oahu	2030-07-09-12:00	1197.55	0	0	0	947.514	0	82.5171	0	0	167.518	0
Oahu	2030-07-09-14:00	1248.02	0	0	0	947.001	0	63.4705	0	0	237.553	0
Oahu	2030-07-09-16:00	1135.22	0	0	0	936.538	0	98.9644	0	0	99.7219	0
Oahu	2030-07-09-18:00	915.618	0	0	0	909.814	0	96.7854	0	0	-90.9814	0
Oahu	2030-07-09-20:00	873.653	0	0	0	897.884	0	65.5574	0	0	-89.7884	0
Oahu	2030-07-09-22:00	815.562	0	0	0	769.041	0	123.425	0	0	-76.9041	0
Oahu	2030-07-21-00:00	795.031	0	0	0	689.394	0	174.576	0	0	-68.9394	0
Oahu	2030-07-21-02:00	785.635	0	0	0	648.382	0	202.092	0	0	-64.8382	0
Oahu	2030-07-21-04:00	792.377	0	0	0	652.876	0	204.789	0	0	-65.2876	0
Oahu	2030-07-21-06:00	843.946	0	0	0	730.296	0	186.68	0	0	-73.0296	0
Oahu	2030-07-21-08:00	1053.32	0	0	0	850.617	0	221.384	0	0	-18.6852	0
Oahu	2030-07-21-10:00	1256.19	0	0	0	896.962	0	223.461	0	0	135.766	0
Oahu	2030-07-21-12:00	1281.22	0	0	0	894.299	0	129.752	0	0	257.171	0
Oahu	2030-07-21-14:00	1161.41	0	0	0	886.499	0	84.9851	0	0	189.93	0
Oahu	2030-07-21-16:00	957.823	0	0	0	887.22	0	111.248	0	0	-40.6456	0
Oahu	2030-07-21-18:00	925.019	0	0	0	876.407	0	136.253	0	0	-87.6407	0
Oahu	2030-07-21-20:00	895.418	0	0	0	864.99	0	116.927	0	0	-86.499	0
Oahu	2030-07-21-22:00	797.553	0	0	0	773.022	0	101.833	0	0	-77.3022	0
Oahu	2030-07-27-00:00	708.299	0	0	0	669.7	0	105.568	0	0	-66.97	0
Oahu	2030-07-27-02:00	766.252	0	0	0	623.486	0	205.114	0	0	-62.3486	0
Oahu	2030-07-27-04:00	848.626	0	0	0	627.335	0	284.024	0	0	-62.7335	0
Oahu	2030-07-27-06:00	828.522	0	0	0	673.358	0	222.5	0	0	-67.3358	0
Oahu	2030-07-27-08:00	992.191	0	0	0	785.638	0	285.117	0	0	-78.5638	0
Oahu	2030-07-27-10:00	1204.9	0	0	0	843.888	0	251.76	0	0	109.247	0
Oahu	2030-07-27-12:00	1274.17	0	0	0	853.401	0	115.428	0	0	305.338	0
Oahu	2030-07-27-14:00	1189.68	0	0	0	859.112	0	75.9588	0	0	254.605	0
Oahu	2030-07-27-16:00	901.338	0	0	0	873.749	0	108.874	0	0	-81.285	0
Oahu	2030-07-27-18:00	901.451	0	0	0	864.777	0	123.152	0	0	-86.4777	0
Oahu	2030-07-27-20:00	860.344	0	0	0	871.848	0	75.6808	0	0	-87.1848	0
Oahu	2030-07-27-22:00	727.427	0	0	0	762.914	0	40.8039	0	0	-76.2914	0
Oahu	2030-08-25-00:00	716.364	0	0	0	677.736	0	106.401	0	0	-67.7736	0
Oahu	2030-08-25-02:00	739.279	0	0	0	633.964	0	168.712	0	0	-63.3964	0
Oahu	2030-08-25-04:00	849.014	0	0	0	641.855	0	271.345	0	0	-64.1855	0
Oahu	2030-08-25-06:00	867.546	0	0	0	719.71	0	219.807	0	0	-71.971	0
Oahu	2030-08-25-08:00	1129.74	0	0	0	858.424	0	301.472	0	0	-30.1514	0
Oahu	2030-08-25-10:00	1315.86	0	0	0	905.365	0	250.698	0	0	159.796	0
Oahu	2030-08-25-12:00	1285.04	0	0	0	897.514	0	110.634	0	0	276.893	0
Oahu	2030-08-25-14:00	1122.12	0	0	0	889.201	0	83.1827	0	0	149.739	0
Oahu	2030-08-25-16:00	979.004	0	0	0	896.734	0	117.058	0	0	-34.7882	0
Oahu	2030-08-25-18:00	932.404	0	0	0	893.825	0	127.962	0	0	-89.3825	0
Oahu	2030-08-25-20:00	852.413	0	0	0	868.347	0	70.9002	0	0	-86.8347	0
Oahu	2030-08-25-22:00	767.311	0	0	0	779.445	0	65.81	0	0	-77.9445	0
Oahu	2030-09-10-00:00	775.683	0	0	0	654.898	0	186.274	0	0	-65.4898	0
Oahu	2030-09-10-02:00	747.153	0	0	0	625.15	0	184.519	0	0	-62.515	0
Oahu	2030-09-10-04:00	818.281	0	0	0	664.742	0	220.013	0	0	-66.4742	0
Oahu	2030-09-10-06:00	916.158	0	0	0	812.759	0	184.675	0	0	-81.2759	0
Oahu	2030-09-10-08:00	1095.78	0	0	0	889.475	0	258.549	0	0	-52.2425	0
Oahu	2030-09-10-10:00	1219.9	0	0	0	934.996	0	207.278	0	0	77.623	0
Oahu	2030-09-10-12:00	1302.19	0	0	0	942.443	0	102.65	0	0	257.093	0
Oahu	2030-09-10-14:00	1122.59	0	0	0	942.469	0	90.2531	0	0	89.8719	0
Oahu	2030-09-10-16:00	1208.29	0	0	0	933.339	0	114.476	0	0	160.47	0
Oahu	2030-09-10-18:00	975.852	0	0	0	942.047	0	128.01	0	0	-94.2047	0
Oahu	2030-09-10-20:00	881.489	0	0	0	884.24	0	85.6733	0	0	-88.424	0
Oahu	2030-09-10-22:00	801.496	0	0	0	744.316	0	131.611	0	0	-74.4316	0
Oahu	2030-10-03-00:00	777.511	0	0	0	656.536	0	186.629	0	0	-65.6536	0
Oahu	2030-10-03-02:00	782.454	0	0	0	627.487	0	217.716	0	0	-62.7487	0
Oahu	2030-10-03-04:00	839.221	0	0	0	669.542	0	236.633	0	0	-66.9542	0
Oahu	2030-10-03-06:00	924.494	0	0	0	818.774	0	187.598	0	0	-81.8774	0
Oahu	2030-10-03-08:00	1258.25	0	0	0	901.675	0	264.129	0	0	92.4407	0
Oahu	2030-10-03-10:00	1270.24	0	0	0	939.327	0	205.759	0	0	125.149	0
Oahu	2030-10-03-12:00	1136.75	0	0	0	948.821	0	88.5593	0	0	99.3739	0
Oahu	2030-10-03-14:00	1155.17	0	0	0	943.262	0	77.3329	0	0	134.571	0
Oahu	2030-10-03-16:00	1104.29	0	0	0	919.996	0	102.513	0	0	81.7758	0
Oahu	2030-10-03-18:00	947.176	0	0	0	930.044	0	110.136	0	0	-93.0044	0
Oahu	2030-10-03-20:00	872.58	0	0	0	868.679	0	90.7695	0	0	-86.8679	0
Oahu	2030-10-03-22:00	812.044	0	0	0	762.043	0	126.205	0	0	-76.2043	0
Oahu	2030-11-08-00:00	825.369	0	0	0	649.696	0	240.642	0	0	-64.9696	0
Oahu	2030-11-08-02:00	786.463	0	0	0	615.544	0	232.473	0	0	-61.5544	0
Oahu	2030-11-08-04:00	755.428	0	0	0	623.836	0	193.976	0	0	-62.3836	0
Oahu	2030-11-08-06:00	800.241	0	0	0	697.759	0	172.258	0	0	-69.7759	0
Oahu	2030-11-08-08:00	1012.29	0	0	0	805.048	0	216.257	0	0	-9.01845	0
Oahu	2030-11-08-10:00	1096.83	0	0	0	846.661	0	201.429	0	0	48.7398	0
Oahu	2030-11-08-12:00	1267.43	0	0	0	854.418	0	109.293	0	0	303.718	0
Oahu	2030-11-08-14:00	1149.8	0	0	0	837.319	0	76.0451	0	0	236.436	0
Oahu	2030-11-08-16:00	861.519	0	0	0	839.326	0	101.736	0	0	-79.5429	0
Oahu	2030-11-08-18:00	906.805	0	0	0	872.666	0	121.406	0	0	-87.2666	0
Oahu	2030-11-08-20:00	828.238	0	0	0	814.522	0	95.1682	0	0	-81.4522	0
Oahu	2030-11-08-22:00	789.671	0	0	0	729.303	0	133.298	0	0	-72.9303	0
Oahu	2030-12-05-00:00	746.399	0	0	0	628.272	0	180.954	0	0	-62.8272	0
Oahu	2030-12-05-02:00	755.762	0	0	0	598.913	0	216.74	0	0	-59.8913	0
Oahu	2030-12-05-04:00	853.571	0	0	0	639.892	0	277.668	0	0	-63.9892	0
Oahu	2030-12-05-06:00	918.306	0	0	0	798.42	0	199.728	0	0	-79.842	0
Oahu	2030-12-05-08:00	1076.17	0	0	0	856.32	0	279.374	0	0	-59.5202	0
Oahu	2030-12-05-10:00	1200.95	0	0	0	888.115	0	216.848	0	0	95.9887	0
Oahu	2030-12-05-12:00	1185.75	0	0	0	895.285	0	77.8809	0	0	212.584	0
Oahu	2030-12-05-14:00	1145.88	0	0	0	882.239	0	66.2998	0	0	197.34	0
Oahu	2030-12-05-16:00	1030.45	0	0	0	867.107	0	104.461	0	0	58.8842	0
Oahu	2030-12-05-18:00	897.526	0	0	0	880.542	0	105.038	0	0	-88.0542	0
Oahu	2030-12-05-20:00	790.609	0	0	0	818.127	0	54.2952	0	0	-81.8127	0
Oahu	2030-12-05-22:00	770.714	0	0	0	724.88	0	114.694	0	0	-68.8596	0
Oahu	2030-12-08-00:00	758.347	0	0	0	608.671	0	210.543	0	0	-60.8671	0
Oahu	2030-12-08-02:00	791.827	0	0	0	583.649	0	266.542	0	0	-58.3649	0
Oahu	2030-12-08-04:00	847.955	0	0	0	632.32	0	278.867	0	0	-63.232	0
Oahu	2030-12-08-06:00	905.684	0	0	0	787.81	0	196.655	0	0	-78.781	0
Oahu	2030-12-08-08:00	1043.93	0	0	0	849.249	0	273.709	0	0	-79.0227	0
Oahu	2030-12-08-10:00	1157.46	0	0	0	879.605	0	209.967	0	0	67.891	0
Oahu	2030-12-08-12:00	1233.91	0	0	0	884.603	0	71.869	0	0	277.439	0
Oahu	2030-12-08-14:00	1239.81	0	0	0	882.114	0	53.3562	0	0	304.343	0
Oahu	2030-12-08-16:00	889.13	0	0	0	866.487	0	85.1711	0	0	-62.5278	0
Oahu	2030-12-08-18:00	910.83	0	0	0	916.339	0	86.1257	0	0	-91.6339	0
Oahu	2030-12-08-20:00	810.099	0	0	0	842.086	0	52.2215	0	0	-84.2086	0
Oahu	2030-12-08-22:00	748.275	0	0	0	710.355	0	108.955	0	0	-71.0355	0
Oahu	2030-12-15-00:00	777.012	0	0	0	642.959	0	198.349	0	0	-64.2959	0
Oahu	2030-12-15-02:00	771.68	0	0	0	600.797	0	230.962	0	0	-60.0797	0
Oahu	2030-12-15-04:00	788.019	0	0	0	616.617	0	233.063	0	0	-61.6617	0
Oahu	2030-12-15-06:00	817.516	0	0	0	699.187	0	188.248	0	0	-69.9187	0
Oahu	2030-12-15-08:00	984.255	0	0	0	810.027	0	255.231	0	0	-81.0027	0
Oahu	2030-12-15-10:00	1154.12	0	0	0	842.759	0	211.872	0	0	99.4901	0
Oahu	2030-12-15-12:00	1266.17	0	0	0	835.128	0	95.0192	0	0	336.027	0
Oahu	2030-12-15-14:00	1049.17	0	0	0	815.035	0	72.4686	0	0	161.668	0
Oahu	2030-12-15-16:00	905.286	0	0	0	824.38	0	100.135	0	0	-19.2294	0
Oahu	2030-12-15-18:00	890.323	0	0	0	865.899	0	111.014	0	0	-86.5899	0
Oahu	2030-12-15-20:00	817.951	0	0	0	814.359	0	85.0275	0	0	-81.4359	0
Oahu	2030-12-15-22:00	769.333	0	0	0	729.711	0	112.593	0	0	-72.9711	0
Oahu	2030-12-18-00:00	802.688	0	0	0	613.02	0	250.97	0	0	-61.302	0
Oahu	2030-12-18-02:00	801.962	0	0	0	579.333	0	280.562	0	0	-57.9333	0
Oahu	2030-12-18-04:00	805.2	0	0	0	625.391	0	242.348	0	0	-62.5391	0
Oahu	2030-12-18-06:00	887.074	0	0	0	783.439	0	181.979	0	0	-78.3439	0
Oahu	2030-12-18-08:00	993.655	0	0	0	831.238	0	245.541	0	0	-83.1238	0
Oahu	2030-12-18-10:00	1034.45	0	0	0	855.404	0	201.422	0	0	-22.3758	0
Oahu	2030-12-18-12:00	1119.21	0	0	0	866.347	0	80.8734	0	0	171.987	0
Oahu	2030-12-18-14:00	1240.59	0	0	0	859.716	0	55.4123	0	0	325.457	0
Oahu	2030-12-18-16:00	1058.21	0	0	0	855.904	0	85.3301	0	0	116.975	0
Oahu	2030-12-18-18:00	918.967	0	0	0	917.705	0	93.0333	0	0	-91.7705	0
Oahu	2030-12-18-20:00	820.433	0	0	0	845.136	0	59.8101	0	0	-84.5136	0
Oahu	2030-12-18-22:00	769.354	0	0	0	725.171	0	116.7	0	0	-72.5171	0
Oahu	2030-12-19-00:00	782.767	0	0	0	615.273	0	229.021	0	0	-61.5273	0
Oahu	2030-12-19-02:00	770.771	0	0	0	583.548	0	229.812	0	0	-42.5888	0
Oahu	2030-12-19-04:00	798.648	0	0	0	630.1	0	231.558	0	0	-63.01	0
Oahu	2030-12-19-06:00	891.942	0	0	0	785.453	0	185.034	0	0	-78.5453	0
Oahu	2030-12-19-08:00	1041.19	0	0	0	841.097	0	263.886	0	0	-63.7892	0
Oahu	2030-12-19-10:00	1058.25	0	0	0	872.958	0	204.911	0	0	-19.6204	0
Oahu	2030-12-19-12:00	1176.94	0	0	0	871.952	0	84.2548	0	0	220.735	0
Oahu	2030-12-19-14:00	1188.3	0	0	0	871.562	0	69.8609	0	0	246.876	0
Oahu	2030-12-19-16:00	1080.25	0	0	0	869.438	0	99.1727	0	0	111.637	0
Oahu	2030-12-19-18:00	934.321	0	0	0	920.134	0	106.2	0	0	-92.0134	0
Oahu	2030-12-19-20:00	827.474	0	0	0	852.183	0	60.51	0	0	-85.2183	0
Oahu	2030-12-19-22:00	786.179	0	0	0	729.354	0	129.761	0	0	-72.9354	0
Oahu	2035-01-09-00:00	860.887	0	0	0	623.27	0	299.944	0	0	-62.327	0
Oahu	2035-01-09-02:00	830.49	0	0	0	592.676	50.9593	246.122	0	0	-59.2676	0
Oahu	2035-01-09-04:00	906.977	0	0	0	632.884	0	337.382	0	0	-63.2884	0
Oahu	2035-01-09-06:00	1016.79	0	0	0	768.601	0	325.051	0	0	-76.8601	0
Oahu	2035-01-09-08:00	1168.71	0	0	0	849.474	2.58766	401.599	0	0	-84.9474	0
Oahu	2035-01-09-10:00	1460.63	0	0	0	902.012	75.2602	304.047	0	0	179.313	0
Oahu	2035-01-09-12:00	1361.24	0	0	0	914.587	75.2602	131.191	0	0	240.205	0
Oahu	2035-01-09-14:00	1349.46	0	0	0	922.065	78.5673	93.6104	0	0	255.221	0
Oahu	2035-01-09-16:00	1038.45	0	0	0	916.354	46.2091	144.706	0	0	-68.8171	0
Oahu	2035-01-09-18:00	1016.79	0	0	0	966.899	0	146.583	0	0	-96.6899	0
Oahu	2035-01-09-20:00	883.276	0	0	0	879.851	0	91.4103	0	0	-87.9851	0
Oahu	2035-01-09-22:00	904.246	0	0	0	745.566	0	233.237	0	0	-74.5566	0
Oahu	2035-04-21-00:00	766.981	0	0	0	631.219	30.638	168.246	0	0	-63.1219	0
Oahu	2035-04-21-02:00	779.342	0	0	0	600.024	5.69076	233.63	0	0	-60.0024	0
Oahu	2035-04-21-04:00	843.746	0	0	0	648.986	0	259.658	0	0	-64.8986	0
Oahu	2035-04-21-06:00	988.368	0	0	0	805.261	0	263.633	0	0	-80.5261	0
Oahu	2035-04-21-08:00	1076.56	0	0	0	884.183	0	280.794	0	0	-88.4183	0
Oahu	2035-04-21-10:00	1315.33	0	0	0	922.795	82.5881	333.755	0	0	-23.8089	0
Oahu	2035-04-21-12:00	1522.86	0	0	0	931.59	82.5881	247.949	0	0	260.733	0
Oahu	2035-04-21-14:00	1526.27	0	0	0	933.507	112.708	169.12	0	0	310.936	0
Oahu	2035-04-21-16:00	1178.86	0	0	0	920.714	0	193.613	0	0	64.5325	0
Oahu	2035-04-21-18:00	1089.65	0	0	0	927.141	0	255.227	0	0	-92.7141	0
Oahu	2035-04-21-20:00	1034.35	0	0	0	887.09	0	235.974	0	0	-88.709	0
Oahu	2035-04-21-22:00	779.301	0	0	0	740.019	0	113.284	0	0	-74.0019	0
Oahu	2035-05-01-00:00	763.639	0	0	0	640.806	14.3663	172.547	0	0	-64.0806	0
Oahu	2035-05-01-02:00	738.315	0	0	0	611.678	0	187.805	0	0	-61.1678	0
Oahu	2035-05-01-04:00	933.634	0	0	0	656.874	0	342.447	0	0	-65.6874	0
Oahu	2035-05-01-06:00	1048.6	0	0	0	818.825	0	311.654	0	0	-81.8825	0
Oahu	2035-05-01-08:00	1193.83	0	0	0	890.563	0	392.321	0	0	-89.0563	0
Oahu	2035-05-01-10:00	1268.81	0	0	0	924.978	69.4711	363.416	0	0	-89.0563	0
Oahu	2035-05-01-12:00	1453.42	0	0	0	932.6	69.4711	185.567	0	0	265.783	0
Oahu	2035-05-01-14:00	1500.57	0	0	0	936.113	69.4711	126.246	0	0	368.74	0
Oahu	2035-05-01-16:00	1243.1	0	0	0	923.416	69.4711	177.502	0	0	72.7083	0
Oahu	2035-05-01-18:00	1032.93	0	0	0	922.897	0	202.32	0	0	-92.2897	0
Oahu	2035-05-01-20:00	938.256	0	0	0	887.526	0	139.482	0	0	-88.7526	0
Oahu	2035-05-01-22:00	830.904	0	0	0	752.587	0	153.575	0	0	-75.2587	0
Oahu	2035-05-17-00:00	878.222	0	0	0	638.038	0	303.988	0	0	-63.8038	0
Oahu	2035-05-17-02:00	806.879	0	0	0	605.022	0	262.359	0	0	-60.5022	0
Oahu	2035-05-17-04:00	895.792	0	0	0	638.347	0	321.28	0	0	-63.8347	0
Oahu	2035-05-17-06:00	995.958	0	0	0	802.726	0	273.505	0	0	-80.2726	0
Oahu	2035-05-17-08:00	1314.1	0	0	0	886.543	49.5078	382.845	0	0	-4.79034	0
Oahu	2035-05-17-10:00	1280.52	0	0	0	925.142	57.0942	303.072	0	0	-4.79034	0
Oahu	2035-05-17-12:00	1448.07	0	0	0	935.13	57.0942	135.492	0	0	320.351	0
Oahu	2035-05-17-14:00	1359.32	0	0	0	935.304	57.0942	114.888	0	0	252.032	0
Oahu	2035-05-17-16:00	1100.54	0	0	0	925.176	57.0942	158.094	0	0	-39.827	0
Oahu	2035-05-17-18:00	987.06	0	0	0	907.484	0	170.325	0	0	-90.7484	0
Oahu	2035-05-17-20:00	905.023	0	0	0	887.731	0	106.065	0	0	-88.7731	0
Oahu	2035-05-17-22:00	898.336	0	0	0	750.407	0	222.97	0	0	-75.0407	0
Oahu	2035-07-09-00:00	808.732	0	0	0	661.408	0	213.464	0	0	-66.1408	0
Oahu	2035-07-09-02:00	802.027	0	0	0	626.306	0	238.352	0	0	-62.6306	0
Oahu	2035-07-09-04:00	904.786	0	0	0	668.959	0	302.723	0	0	-66.8959	0
Oahu	2035-07-09-06:00	1000.48	0	0	0	808.417	0	272.9	0	0	-80.8417	0
Oahu	2035-07-09-08:00	1308.38	0	0	0	911.739	51.301	346.727	0	0	-1.3892	0
Oahu	2035-07-09-10:00	1464.98	0	0	0	957.983	60.3876	321.785	0	0	124.821	0
Oahu	2035-07-09-12:00	1356.45	0	0	0	969.192	60.3876	188.76	0	0	138.106	0
Oahu	2035-07-09-14:00	1380.52	0	0	0	968.662	56.3502	146.666	0	0	208.845	0
Oahu	2035-07-09-16:00	1257.97	0	0	0	957.849	49.458	181.246	0	0	69.4134	0
Oahu	2035-07-09-18:00	1053.02	0	0	0	930.23	0	215.815	0	0	-93.023	0
Oahu	2035-07-09-20:00	994.298	0	0	0	917.9	0	168.187	0	0	-91.79	0
Oahu	2035-07-09-22:00	864.528	0	0	0	784.745	0	158.258	0	0	-78.4745	0
Oahu	2035-07-21-00:00	768.606	0	0	0	702.431	0	136.418	0	0	-70.2431	0
Oahu	2035-07-21-02:00	836.889	0	0	0	660.046	0	242.847	0	0	-66.0046	0
Oahu	2035-07-21-04:00	946.118	0	0	0	664.69	0	347.897	0	0	-66.469	0
Oahu	2035-07-21-06:00	953.512	0	0	0	744.702	0	283.28	0	0	-74.4702	0
Oahu	2035-07-21-08:00	1209.97	0	0	0	869.052	36.4414	391.377	0	0	-86.9052	0
Oahu	2035-07-21-10:00	1391.08	0	0	0	916.947	56.3502	330.005	0	0	87.7778	0
Oahu	2035-07-21-12:00	1467.77	0	0	0	914.196	61.6976	183.796	0	0	308.083	0
Oahu	2035-07-21-14:00	1384.79	0	0	0	906.135	61.6976	164.513	0	0	252.449	0
Oahu	2035-07-21-16:00	1135.59	0	0	0	906.88	61.6976	194.382	0	0	-27.3709	0
Oahu	2035-07-21-18:00	1032.14	0	0	0	895.704	0	226.01	0	0	-89.5704	0
Oahu	2035-07-21-20:00	955.766	0	0	0	883.905	0	160.251	0	0	-88.3905	0
Oahu	2035-07-21-22:00	804.079	0	0	0	788.859	0	94.1061	0	0	-78.8859	0
Oahu	2035-07-27-00:00	783.242	0	0	0	682.078	0	169.371	0	0	-68.2078	0
Oahu	2035-07-27-02:00	747.72	0	0	0	634.317	0	176.835	0	0	-63.4317	0
Oahu	2035-07-27-04:00	919.68	0	0	0	638.295	0	345.214	0	0	-63.8295	0
Oahu	2035-07-27-06:00	933.963	0	0	0	685.858	0	316.691	0	0	-68.5858	0
Oahu	2035-07-27-08:00	1116.98	0	0	0	801.897	0	395.27	0	0	-80.1897	0
Oahu	2035-07-27-10:00	1351.51	0	0	0	862.097	64.0381	366.188	0	0	59.1893	0
Oahu	2035-07-27-12:00	1393.96	0	0	0	871.929	64.0381	185.136	0	0	272.855	0
Oahu	2035-07-27-14:00	1350.17	0	0	0	877.831	74.9041	124.577	0	0	272.855	0
Oahu	2035-07-27-16:00	1140.07	0	0	0	892.958	74.9041	177.557	0	0	-5.34653	0
Oahu	2035-07-27-18:00	996.458	0	0	0	883.685	0	201.142	0	0	-88.3685	0
Oahu	2035-07-27-20:00	939.537	0	0	0	890.993	0	137.644	0	0	-89.0993	0
Oahu	2035-07-27-22:00	859.828	0	0	0	778.413	0	159.257	0	0	-77.8413	0
Oahu	2035-08-25-00:00	903.792	0	0	0	690.383	0	282.447	0	0	-69.0383	0
Oahu	2035-08-25-02:00	981.441	0	0	0	645.146	0	400.81	0	0	-64.5146	0
Oahu	2035-08-25-04:00	1016.79	0	0	0	653.3	0	428.822	0	0	-65.33	0
Oahu	2035-08-25-06:00	1018.08	0	0	0	733.762	0	357.694	0	0	-73.3762	0
Oahu	2035-08-25-08:00	1232.45	0	0	0	877.119	0	429.395	0	0	-74.0646	0
Oahu	2035-08-25-10:00	1390.61	0	0	0	925.632	69.4711	270.543	0	0	124.96	0
Oahu	2035-08-25-12:00	1348.91	0	0	0	917.518	69.4711	95.2389	0	0	266.681	0
Oahu	2035-08-25-14:00	1293.55	0	0	0	908.927	69.4711	71.0057	0	0	244.15	0
Oahu	2035-08-25-16:00	1065.67	0	0	0	916.712	69.4711	109.294	0	0	-29.8095	0
Oahu	2035-08-25-18:00	920.038	0	0	0	913.706	0	97.7027	0	0	-91.3706	0
Oahu	2035-08-25-20:00	866.564	0	0	0	887.375	0	67.9264	0	0	-88.7375	0
Oahu	2035-08-25-22:00	859.951	0	0	0	795.497	0	144.003	0	0	-79.5497	0
Oahu	2035-09-10-00:00	903.792	0	0	0	666.781	0	303.69	0	0	-66.6781	0
Oahu	2035-09-10-02:00	903.792	0	0	0	636.036	0	331.36	0	0	-63.6036	0
Oahu	2035-09-10-04:00	949.415	0	0	0	676.954	0	340.156	0	0	-67.6954	0
Oahu	2035-09-10-06:00	1016.79	0	0	0	829.926	0	269.859	0	0	-82.9926	0
Oahu	2035-09-10-08:00	1271.47	0	0	0	909.21	41.9095	383.449	0	0	-63.1024	0
Oahu	2035-09-10-10:00	1342.35	0	0	0	956.255	58.9937	300.129	0	0	26.9738	0
Oahu	2035-09-10-12:00	1428.4	0	0	0	963.951	58.9937	129.952	0	0	275.503	0
Oahu	2035-09-10-14:00	1359.3	0	0	0	963.979	58.9937	110.026	0	0	226.304	0
Oahu	2035-09-10-16:00	1240.38	0	0	0	954.542	58.9937	148.903	0	0	77.9442	0
Oahu	2035-09-10-18:00	1029.37	0	0	0	963.542	0	162.186	0	0	-96.3542	0
Oahu	2035-09-10-20:00	916.486	0	0	0	903.8	0	103.067	0	0	-90.38	0
Oahu	2035-09-10-22:00	855.38	0	0	0	759.192	0	172.108	0	0	-75.9192	0
Oahu	2035-10-03-00:00	862.151	0	0	0	668.473	26.5472	233.979	0	0	-66.8473	0
Oahu	2035-10-03-02:00	867.094	0	0	0	638.452	1.97554	290.512	0	0	-63.8452	0
Oahu	2035-10-03-04:00	952.626	0	0	0	681.914	0	338.903	0	0	-68.1914	0
Oahu	2035-10-03-06:00	1025.13	0	0	0	836.142	0	272.6	0	0	-83.6142	0
Oahu	2035-10-03-08:00	1321.56	0	0	0	921.819	47.7938	385.419	0	0	-33.4748	0
Oahu	2035-10-03-10:00	1452	0	0	0	960.731	47.7938	308.84	0	0	134.639	0
Oahu	2035-10-03-12:00	1287.88	0	0	0	970.542	52.3312	155.798	0	0	109.209	0
Oahu	2035-10-03-14:00	1372.21	0	0	0	964.797	64.9828	138.281	0	0	204.148	0
Oahu	2035-10-03-16:00	1304.85	0	0	0	940.753	64.9828	169.501	0	0	129.614	0
Oahu	2035-10-03-18:00	1048.7	0	0	0	951.138	0	192.68	0	0	-95.1138	0
Oahu	2035-10-03-20:00	926.259	0	0	0	887.718	0	127.313	0	0	-88.7718	0
Oahu	2035-10-03-22:00	852.074	0	0	0	777.512	11.2581	141.055	0	0	-77.7512	0
Oahu	2035-11-08-00:00	730.496	0	0	0	661.404	56.1425	79.0893	0	0	-66.1404	0
Oahu	2035-11-08-02:00	733.825	0	0	0	626.109	23.1389	147.188	0	0	-62.6109	0
Oahu	2035-11-08-04:00	907.062	0	0	0	634.679	0	335.852	0	0	-63.4679	0
Oahu	2035-11-08-06:00	931.015	0	0	0	711.076	0	291.047	0	0	-71.1076	0
Oahu	2035-11-08-08:00	1159.24	0	0	0	821.957	18.5933	400.884	0	0	-82.1957	0
Oahu	2035-11-08-10:00	1375.47	0	0	0	864.963	80.8778	335.959	0	0	93.6672	0
Oahu	2035-11-08-12:00	1470.71	0	0	0	872.98	80.8778	204.313	0	0	312.541	0
Oahu	2035-11-08-14:00	1383.5	0	0	0	855.308	80.8778	189.703	0	0	257.615	0
Oahu	2035-11-08-16:00	1015.53	0	0	0	857.382	16.6578	213.061	0	0	-71.5745	0
Oahu	2035-11-08-18:00	1052.12	0	0	0	891.839	0	249.465	0	0	-89.1839	0
Oahu	2035-11-08-20:00	931.077	0	0	0	831.748	0	182.504	0	0	-83.1748	0
Oahu	2035-11-08-22:00	797.907	0	0	0	743.676	2.78248	125.815	0	0	-74.3676	0
Oahu	2035-12-05-00:00	782.199	0	0	0	639.264	33.2182	173.643	0	0	-63.9264	0
Oahu	2035-12-05-02:00	791.562	0	0	0	608.922	22.3652	221.168	0	0	-60.8922	0
Oahu	2035-12-05-04:00	899.769	0	0	0	651.272	0	313.624	0	0	-65.1272	0
Oahu	2035-12-05-06:00	999.117	0	0	0	815.107	0	265.521	0	0	-81.5107	0
Oahu	2035-12-05-08:00	1253.94	0	0	0	874.945	47.2085	371.856	0	0	-40.0739	0
Oahu	2035-12-05-10:00	1359.47	0	0	0	907.805	63.1731	304.203	0	0	84.2853	0
Oahu	2035-12-05-12:00	1372.88	0	0	0	915.214	63.1731	183.924	0	0	210.564	0
Oahu	2035-12-05-14:00	1340.64	0	0	0	901.732	63.1731	174.895	0	0	200.843	0
Oahu	2035-12-05-16:00	1185.5	0	0	0	886.094	41.1565	194.956	0	0	63.2929	0
Oahu	2035-12-05-18:00	1039.21	0	0	0	899.979	0	229.23	0	0	-89.9979	0
Oahu	2035-12-05-20:00	922.66	0	0	0	835.474	0	170.734	0	0	-83.5474	0
Oahu	2035-12-05-22:00	816.322	0	0	0	739.105	0	151.128	0	0	-73.9105	0
Oahu	2035-12-08-00:00	808.247	0	0	0	619.006	83.7607	167.381	0	0	-61.9006	0
Oahu	2035-12-08-02:00	791.827	0	0	0	593.147	36.1331	221.862	0	0	-59.3147	0
Oahu	2035-12-08-04:00	860.172	0	0	0	643.446	0	281.071	0	0	-64.3446	0
Oahu	2035-12-08-06:00	967.957	0	0	0	804.142	0	244.229	0	0	-80.4142	0
Oahu	2035-12-08-08:00	1172.24	0	0	0	867.637	54.1319	337.235	0	0	-86.7637	0
Oahu	2035-12-08-10:00	1351.71	0	0	0	899.01	60.9415	285.184	0	0	106.576	0
Oahu	2035-12-08-12:00	1450.18	0	0	0	904.175	60.9415	203.094	0	0	281.971	0
Oahu	2035-12-08-14:00	1459.9	0	0	0	901.602	60.9415	199.064	0	0	298.296	0
Oahu	2035-12-08-16:00	1050.39	0	0	0	885.452	40.928	205.984	0	0	-81.9747	0
Oahu	2035-12-08-18:00	1095.61	0	0	0	936.973	0	252.334	0	0	-93.6973	0
Oahu	2035-12-08-20:00	981.282	0	0	0	860.234	0	207.071	0	0	-86.0234	0
Oahu	2035-12-08-22:00	802.058	0	0	0	724.094	0	150.373	0	0	-72.4094	0
Oahu	2035-12-15-00:00	734.817	0	0	0	654.441	63.8874	81.9323	0	0	-65.4441	0
Oahu	2035-12-15-02:00	745.52	0	0	0	610.868	16.6244	179.114	0	0	-61.0868	0
Oahu	2035-12-15-04:00	888.927	0	0	0	627.218	0	324.431	0	0	-62.7218	0
Oahu	2035-12-15-06:00	944.573	0	0	0	712.552	0	303.276	0	0	-71.2552	0
Oahu	2035-12-15-08:00	1143.65	0	0	0	827.103	41.4927	357.762	0	0	-82.7103	0
Oahu	2035-12-15-10:00	1309.1	0	0	0	860.931	76.4502	370.434	0	0	1.28889	0
Oahu	2035-12-15-12:00	1460.9	0	0	0	853.044	65.9887	236.613	0	0	305.253	0
Oahu	2035-12-15-14:00	1346.94	0	0	0	832.278	65.9887	166.553	0	0	282.119	0
Oahu	2035-12-15-16:00	1071.79	0	0	0	841.936	27.9642	201.28	0	0	0.610288	0
Oahu	2035-12-15-18:00	1046.31	0	0	0	884.845	0	249.947	0	0	-88.4845	0
Oahu	2035-12-15-20:00	950.667	0	0	0	831.58	0	202.245	0	0	-83.158	0
Oahu	2035-12-15-22:00	750.983	0	0	0	744.098	0	81.2947	0	0	-74.4098	0
Oahu	2035-12-18-00:00	918.198	0	0	0	623.5	0	357.048	0	0	-62.35	0
Oahu	2035-12-18-02:00	900.568	0	0	0	588.686	0	370.75	0	0	-58.8686	0
Oahu	2035-12-18-04:00	865.201	0	0	0	636.286	16.3057	276.237	0	0	-63.6286	0
Oahu	2035-12-18-06:00	934.589	0	0	0	799.625	0	214.927	0	0	-79.9625	0
Oahu	2035-12-18-08:00	1075.42	0	0	0	849.024	0	311.294	0	0	-84.9024	0
Oahu	2035-12-18-10:00	1167.59	0	0	0	873.998	77.2923	250.051	0	0	-33.7534	0
Oahu	2035-12-18-12:00	1289.13	0	0	0	885.308	66.8641	127.696	0	0	209.262	0
Oahu	2035-12-18-14:00	1421.85	0	0	0	878.455	66.8641	136.344	0	0	340.186	0
Oahu	2035-12-18-16:00	1202.34	0	0	0	874.515	66.8641	172.825	0	0	88.1359	0
Oahu	2035-12-18-18:00	1037.45	0	0	0	938.385	0	192.908	0	0	-93.8385	0
Oahu	2035-12-18-20:00	928.331	0	0	0	863.387	0	151.282	0	0	-86.3387	0
Oahu	2035-12-18-22:00	858.984	0	0	0	739.406	0	193.518	0	0	-73.9406	0
Oahu	2035-12-19-00:00	842.987	0	0	0	625.829	0	279.741	0	0	-62.5829	0
Oahu	2035-12-19-02:00	877.196	0	0	0	593.042	0	343.459	0	0	-59.3042	0
Oahu	2035-12-19-04:00	864.25	0	0	0	641.152	2.83345	284.38	0	0	-64.1152	0
Oahu	2035-12-19-06:00	934.44	0	0	0	801.705	0	212.905	0	0	-80.1705	0
Oahu	2035-12-19-08:00	1154.32	0	0	0	859.212	37.0863	286.975	0	0	-28.9506	0
Oahu	2035-12-19-10:00	1201.86	0	0	0	892.141	68.689	233.601	0	0	7.42436	0
Oahu	2035-12-19-12:00	1314.5	0	0	0	891.1	68.689	164.154	0	0	190.559	0
Oahu	2035-12-19-14:00	1368.65	0	0	0	890.697	50.81	166.156	0	0	260.986	0
Oahu	2035-12-19-16:00	1200.12	0	0	0	888.503	52.6102	167.322	0	0	91.6834	0
Oahu	2035-12-19-18:00	1052.2	0	0	0	940.895	0	205.394	0	0	-94.0895	0
Oahu	2035-12-19-20:00	992.936	0	0	0	870.669	0	209.333	0	0	-87.0669	0
Oahu	2035-12-19-22:00	870.819	0	0	0	743.729	0	201.463	0	0	-74.3729	0
Oahu	2040-01-09-00:00	798.304	0	0	0	651.722	135.719	76.0351	0	0	-65.1722	0
Oahu	2040-01-09-02:00	809.427	0	0	0	621.164	4.92897	245.45	0	0	-62.1164	0
Oahu	2040-01-09-04:00	1001.64	0	0	150	661.325	0	556.453	0	0	-66.1325	0
Oahu	2040-01-09-06:00	1011.46	0	0	150	796.883	0	444.26	0	0	-79.6883	0
Oahu	2040-01-09-08:00	1527.94	0	0	0	877.662	0	626.196	0	0	-87.7662	111.846
Oahu	2040-01-09-10:00	1894.27	0	0	0	930.138	82.5845	504.402	0	0	227.15	150
Oahu	2040-01-09-12:00	1565.67	0	0	0	942.698	18.806	227.015	0	0	227.15	150
Oahu	2040-01-09-14:00	1734.1	0	0	0	950.167	176.494	188.733	0	0	268.705	150
Oahu	2040-01-09-16:00	1118.12	0	0	0	944.463	0	249.655	0	0	-94.4463	18.4486
Oahu	2040-01-09-18:00	1016.8	0	0	150	994.949	0	271.347	0	0	-99.4949	0
Oahu	2040-01-09-20:00	845.142	0	0	116.827	908.003	0	144.767	0	0	-90.8003	0
Oahu	2040-01-09-22:00	828.659	0	0	0	773.876	50.7016	81.4698	0	0	-77.3876	0
Oahu	2040-04-21-00:00	596.148	0	0	0	659.662	0	2.45217	0	0	-65.9662	0
Oahu	2040-04-21-02:00	603.993	0	0	13.4394	628.504	0	51.7795	0	0	-62.8504	0
Oahu	2040-04-21-04:00	749.035	0	0	150	677.408	0	289.367	0	0	-67.7408	0
Oahu	2040-04-21-06:00	1031.24	0	0	107.25	833.501	0	388.339	0	0	-83.3501	0
Oahu	2040-04-21-08:00	1651.48	0	0	0	912.33	358.753	325.24	0	0	-91.233	146.392
Oahu	2040-04-21-10:00	1883.96	0	0	0	950.897	358.753	519.405	0	0	-95.0897	150
Oahu	2040-04-21-12:00	2135.97	0	0	0	959.681	358.753	445.165	0	0	222.369	150
Oahu	2040-04-21-14:00	2247.72	0	0	0	961.596	358.753	274.904	0	0	502.462	150
Oahu	2040-04-21-16:00	1776.39	0	0	0	948.818	358.753	313.544	0	0	5.27963	150
Oahu	2040-04-21-18:00	1164.57	0	0	124.032	955.238	0	428.891	0	0	-95.5238	0
Oahu	2040-04-21-20:00	1105.64	0	0	150	915.233	0	431.933	0	0	-91.5233	0
Oahu	2040-04-21-22:00	686.265	0	0	150	768.335	0	144.763	0	0	-76.8335	0
Oahu	2040-05-01-00:00	602.313	0	0	0	669.237	0	0	0	0	-66.9237	0
Oahu	2040-05-01-02:00	628.78	0	0	0	640.144	0	52.6508	0	0	-64.0144	0
Oahu	2040-05-01-04:00	760.271	0	0	150	685.287	0	293.513	0	0	-68.5287	0
Oahu	2040-05-01-06:00	1030.79	0	0	123.826	847.049	0	392.275	0	0	-84.7049	0
Oahu	2040-05-01-08:00	1663.1	0	0	0	918.702	358.753	327.512	0	0	-91.8702	150
Oahu	2040-05-01-10:00	2118.26	0	0	0	953.078	358.753	524.714	0	0	131.712	150
Oahu	2040-05-01-12:00	2107.62	0	0	0	960.69	358.753	445.644	0	0	192.531	150
Oahu	2040-05-01-14:00	2072.72	0	0	0	964.2	358.753	271.237	0	0	328.528	150
Oahu	2040-05-01-16:00	1760.35	0	0	0	951.517	358.753	312.053	0	0	-11.9728	150
Oahu	2040-05-01-18:00	1159.16	0	0	123.674	950.999	0	426.93	0	0	-95.0999	0
Oahu	2040-05-01-20:00	1103.43	0	0	150	915.67	0	429.332	0	0	-91.567	0
Oahu	2040-05-01-22:00	692.722	0	0	150	780.888	0	139.923	0	0	-78.0888	0
Oahu	2040-05-17-00:00	597.855	0	0	6.94325	666.473	0	4.97269	0	0	-66.6473	0
Oahu	2040-05-17-02:00	560.029	0	0	90.5567	633.496	0	80.4395	0	0	-63.3496	0
Oahu	2040-05-17-04:00	786.573	0	0	150	666.781	0	336.471	0	0	-66.6781	0
Oahu	2040-05-17-06:00	1152.6	0	0	0	830.968	0	404.726	0	0	-83.0968	0
Oahu	2040-05-17-08:00	2022.94	0	0	0	914.687	358.753	373.117	0	0	226.388	150
Oahu	2040-05-17-10:00	2039.72	0	0	0	953.242	358.753	528.773	0	0	48.9534	150
Oahu	2040-05-17-12:00	2068.39	0	0	0	963.217	358.753	415.916	0	0	180.505	150
Oahu	2040-05-17-14:00	1908.51	0	0	0	963.391	358.753	255.864	0	0	180.505	150
Oahu	2040-05-17-16:00	1670.4	0	0	0	953.275	358.753	301.937	0	0	-93.5604	150
Oahu	2040-05-17-18:00	1095.33	0	0	150	935.604	0	403.282	0	0	-93.5604	0
Oahu	2040-05-17-20:00	1060.75	0	0	150	915.874	0	386.46	0	0	-91.5874	0
Oahu	2040-05-17-22:00	674.664	0	0	150	778.71	0	123.825	0	0	-77.871	0
Oahu	2040-07-09-00:00	615.503	0	0	20.9196	689.816	0	15.5882	0	0	-68.9816	0
Oahu	2040-07-09-02:00	597.679	0	0	136.365	654.754	0	144.765	0	0	-65.4754	0
Oahu	2040-07-09-04:00	914.493	0	0	150	697.358	0	436.871	0	0	-69.7358	0
Oahu	2040-07-09-06:00	1114.34	0	0	73.4179	836.653	0	434.766	0	0	-83.6653	0
Oahu	2040-07-09-08:00	1953.49	0	0	0	939.854	358.753	478.975	0	0	25.9048	150
Oahu	2040-07-09-10:00	2205.26	0	0	0	986.044	358.753	539.948	0	0	170.513	150
Oahu	2040-07-09-12:00	1904.61	0	0	0	997.24	358.753	347.586	0	0	51.0273	150
Oahu	2040-07-09-14:00	2017.31	0	0	0	996.71	358.753	219.184	0	0	292.663	150
Oahu	2040-07-09-16:00	1792.26	0	0	0	985.91	358.753	278.118	0	0	19.4835	150
Oahu	2040-07-09-18:00	1193.82	0	0	16.798	958.323	0	348.123	0	0	-95.8323	0
Oahu	2040-07-09-20:00	988.194	0	0	150	946.008	0	286.787	0	0	-94.6008	0
Oahu	2040-07-09-22:00	666.779	0	0	150	813.008	0	85.0722	0	0	-81.3008	0
Oahu	2040-07-21-00:00	595.56	0	0	93.6056	730.79	13.5016	17.953	0	0	-73.079	0
Oahu	2040-07-21-02:00	628.348	0	0	150	688.455	0	158.739	0	0	-68.8455	0
Oahu	2040-07-21-04:00	932.403	0	0	150	693.094	0	458.618	0	0	-69.3094	0
Oahu	2040-07-21-06:00	1136.92	0	0	0	773.012	0	441.212	0	0	-77.3012	0
Oahu	2040-07-21-08:00	1818.2	0	0	0	897.217	358.753	501.952	0	0	-89.7217	150
Oahu	2040-07-21-10:00	1906.35	0	0	0	945.056	358.753	542.259	0	0	-89.7217	150
Oahu	2040-07-21-12:00	2197.16	0	0	0	942.308	358.753	332.711	0	0	413.39	150
Oahu	2040-07-21-14:00	2067.69	0	0	0	934.256	358.753	211.287	0	0	413.39	150
Oahu	2040-07-21-16:00	1623.22	0	0	0	935	358.753	272.97	0	0	-93.5	150
Oahu	2040-07-21-18:00	1163.73	0	0	3.89445	923.838	0	336.168	0	0	-92.3838	0
Oahu	2040-07-21-20:00	936.01	0	0	150	912.052	0	265.163	0	0	-91.2052	0
Oahu	2040-07-21-22:00	662.157	0	0	150	817.118	0	76.7515	0	0	-81.7118	0
Oahu	2040-07-27-00:00	588.596	0	0	51.1504	710.461	0	0.33104	0	0	-71.0461	0
Oahu	2040-07-27-02:00	580.7	0	0	70.3873	662.756	0	54.607	0	0	-66.2756	0
Oahu	2040-07-27-04:00	746.614	0	0	150	666.729	0	296.557	0	0	-66.6729	0
Oahu	2040-07-27-06:00	1035.99	0	0	0	714.237	0	393.177	0	0	-71.4237	0
Oahu	2040-07-27-08:00	1586.61	0	0	0	830.141	358.753	330.728	0	0	-83.0141	150
Oahu	2040-07-27-10:00	1995.05	0	0	0	890.27	358.753	525.038	0	0	70.9851	150
Oahu	2040-07-27-12:00	2138.33	0	0	0	900.09	358.753	443.562	0	0	285.926	150
Oahu	2040-07-27-14:00	1970.8	0	0	0	905.985	358.753	270.132	0	0	285.926	150
Oahu	2040-07-27-16:00	1720.54	0	0	0	921.094	358.753	311.332	0	0	-20.6393	150
Oahu	2040-07-27-18:00	1119.94	0	0	125.962	911.833	0	425.256	0	0	-91.1833	0
Oahu	2040-07-27-20:00	1103.52	0	0	150	919.132	0	426.304	0	0	-91.9132	0
Oahu	2040-07-27-22:00	714.773	0	0	150	806.683	0	138.758	0	0	-80.6683	0
Oahu	2040-08-25-00:00	706.726	0	0	17.8448	718.757	0	77.6899	0	0	-71.8757	0
Oahu	2040-08-25-02:00	725.089	0	0	82.8308	673.572	0	201.705	0	0	-67.3572	0
Oahu	2040-08-25-04:00	951.704	0	0	150	681.717	0	488.158	0	0	-68.1717	0
Oahu	2040-08-25-06:00	1078.18	0	0	41.6044	762.085	0	433.91	0	0	-76.2085	0
Oahu	2040-08-25-08:00	1750.95	0	0	0	905.275	47.4499	546.998	0	0	101.229	150
Oahu	2040-08-25-10:00	1816.64	0	0	0	953.731	52.578	513.354	0	0	146.98	150
Oahu	2040-08-25-12:00	1662.71	0	0	0	945.626	76.9209	278.82	0	0	211.345	150
Oahu	2040-08-25-14:00	1498.78	0	0	0	937.045	27.231	197.852	0	0	186.649	150
Oahu	2040-08-25-16:00	1305.61	0	0	0	944.822	73.7047	258.901	0	0	-94.4822	122.663
Oahu	2040-08-25-18:00	999.67	0	0	150	941.818	0	302.033	0	0	-94.1818	0
Oahu	2040-08-25-20:00	883.628	0	0	150	915.518	0	209.662	0	0	-91.5518	0
Oahu	2040-08-25-22:00	763.903	0	0	84.1704	823.748	0	106.7	0	0	-82.3748	0
Oahu	2040-09-10-00:00	664.701	0	0	0	695.182	0	39.0367	0	0	-69.5182	0
Oahu	2040-09-10-02:00	759.44	0	0	54.2167	664.473	0	215.631	0	0	-66.4473	0
Oahu	2040-09-10-04:00	1024.8	0	0	150	705.343	0	539.993	0	0	-70.5343	0
Oahu	2040-09-10-06:00	1086.15	0	0	150	858.137	0	463.825	0	0	-85.8137	0
Oahu	2040-09-10-08:00	1658.08	0	0	0	937.328	0	589.459	0	0	-18.7043	150
Oahu	2040-09-10-10:00	1928.86	0	0	0	984.318	335.791	547.343	0	0	-88.5955	150
Oahu	2040-09-10-12:00	2012.35	0	0	0	992.005	335.791	271.417	0	0	263.135	150
Oahu	2040-09-10-14:00	1939.15	0	0	0	992.032	335.791	178.746	0	0	282.581	150
Oahu	2040-09-10-16:00	1844.66	0	0	0	982.607	335.791	251.262	0	0	124.998	150
Oahu	2040-09-10-18:00	1029.37	0	0	150	991.596	0	286.932	0	0	-99.1596	0
Oahu	2040-09-10-20:00	867.513	0	0	150	931.924	0	178.782	0	0	-93.1924	0
Oahu	2040-09-10-22:00	718.81	0	0	43.2833	787.485	0	53.3571	0	0	-78.7485	0
Oahu	2040-10-03-00:00	711.991	0	0	0	696.872	58.5447	26.2613	0	0	-69.6872	0
Oahu	2040-10-03-02:00	746.231	0	0	61.8013	666.886	0	207.835	0	0	-66.6886	0
Oahu	2040-10-03-04:00	1024.29	0	0	150	710.298	0	535.027	0	0	-71.0298	0
Oahu	2040-10-03-06:00	1091.77	0	0	150	864.345	0	463.859	0	0	-86.4345	0
Oahu	2040-10-03-08:00	1597.17	0	0	0	949.922	9.55961	582.68	0	0	-94.9922	150
Oahu	2040-10-03-10:00	1735.2	0	0	0	988.788	94.6669	550.378	0	0	-48.6374	150
Oahu	2040-10-03-12:00	1415.01	0	0	0	998.589	85.832	280.447	0	0	-99.8589	150
Oahu	2040-10-03-14:00	1825.78	0	0	0	992.85	43.913	183.544	0	0	455.474	150
Oahu	2040-10-03-16:00	1769.57	0	0	0	968.834	43.913	254.882	0	0	351.94	150
Oahu	2040-10-03-18:00	1025.45	0	0	150	979.206	0	294.165	0	0	-97.9206	0
Oahu	2040-10-03-20:00	863.463	0	0	150	915.86	0	189.189	0	0	-91.586	0
Oahu	2040-10-03-22:00	737.023	0	0	35.6987	805.784	0	47.5168	0	0	-80.5784	0
Oahu	2040-11-08-00:00	682.182	0	0	0	689.812	55.1214	6.22982	0	0	-68.9812	0
Oahu	2040-11-08-02:00	687.508	0	0	0	654.557	8.94158	89.4643	0	0	-65.4557	0
Oahu	2040-11-08-04:00	797.611	0	0	150	663.117	0	350.806	0	0	-66.3117	0
Oahu	2040-11-08-06:00	924.739	0	0	150	739.425	0	409.256	0	0	-73.9425	0
Oahu	2040-11-08-08:00	1661.96	0	0	0	850.177	358.753	388.044	0	0	-85.0177	150
Oahu	2040-11-08-10:00	2014.87	0	0	0	893.132	358.753	530.802	0	0	82.1867	150
Oahu	2040-11-08-12:00	2082.71	0	0	0	901.14	358.753	406.455	0	0	266.367	150
Oahu	2040-11-08-14:00	1997.58	0	0	0	883.489	358.753	250.434	0	0	354.903	150
Oahu	2040-11-08-16:00	1241.88	0	0	0	885.561	0	298.491	0	0	-88.5561	146.386
Oahu	2040-11-08-18:00	1073.41	0	0	150	919.977	0	395.435	0	0	-91.9977	0
Oahu	2040-11-08-20:00	996.325	0	0	150	859.957	0	372.364	0	0	-85.9957	0
Oahu	2040-11-08-22:00	718.073	0	0	94.7172	771.988	0	118.002	0	0	-77.1988	0
Oahu	2040-12-05-00:00	744.868	0	0	0	667.697	73.4677	70.4734	0	0	-66.7697	0
Oahu	2040-12-05-02:00	775.856	0	0	0	637.39	0	202.204	0	0	-63.739	0
Oahu	2040-12-05-04:00	1024.6	0	0	64.9186	679.691	0	477.792	0	0	-67.9691	0
Oahu	2040-12-05-06:00	1044.6	0	0	114.273	843.335	0	399.868	0	0	-84.3335	0
Oahu	2040-12-05-08:00	1458.87	0	0	0	903.103	6.46136	558.848	0	0	-9.54612	0
Oahu	2040-12-05-10:00	1492.19	0	0	0	935.924	88.4631	459.708	0	0	-9.54612	17.637
Oahu	2040-12-05-12:00	1594.46	0	0	0	943.325	88.4631	262.001	0	0	263.763	36.9111
Oahu	2040-12-05-14:00	1618.54	0	0	0	929.859	88.4631	241.874	0	0	263.763	94.5795
Oahu	2040-12-05-16:00	1227.85	0	0	0	914.239	6.03395	277.282	0	0	30.2981	0
Oahu	2040-12-05-18:00	1099.76	0	0	55.6364	928.107	0	320.1	0	0	-92.8107	0
Oahu	2040-12-05-20:00	996.984	0	0	0	863.678	0	219.674	0	0	-86.3678	0
Oahu	2040-12-05-22:00	886.054	0	0	0	767.422	69.417	125.957	0	0	-76.7422	0
Oahu	2040-12-08-00:00	868.807	0	0	0	647.463	177.621	108.469	0	0	-64.7463	0
Oahu	2040-12-08-02:00	813.684	0	0	0	621.634	89.1394	165.074	0	0	-62.1634	0
Oahu	2040-12-08-04:00	975.498	0	0	22.6033	671.875	0	393.415	0	0	-67.1875	0
Oahu	2040-12-08-06:00	1120.43	0	0	0	832.383	0	371.289	0	0	-83.2383	0
Oahu	2040-12-08-08:00	1312.09	0	0	0	895.804	31.9177	473.944	0	0	-89.5804	0
Oahu	2040-12-08-10:00	1437.89	0	0	0	927.139	70.7434	440.834	0	0	-9.52841	8.70349
Oahu	2040-12-08-12:00	1637.86	0	0	0	932.298	70.7434	299.884	0	0	334.932	0
Oahu	2040-12-08-14:00	1652.17	0	0	0	929.729	70.7434	258.236	0	0	393.462	0
Oahu	2040-12-08-16:00	1175.05	0	0	0	913.598	33.7367	286.792	0	0	-91.3598	32.2813
Oahu	2040-12-08-18:00	1111.74	0	0	105.225	965.058	0	348.411	0	0	-96.5058	0
Oahu	2040-12-08-20:00	1058.54	0	0	23.73	888.409	0	282.702	0	0	-88.8409	0
Oahu	2040-12-08-22:00	863.918	0	0	0	752.429	0	186.733	0	0	-75.2429	0
Oahu	2040-12-15-00:00	614.571	0	0	0	682.857	0	0	0	0	-68.2857	0
Oahu	2040-12-15-02:00	628.052	0	0	0	639.335	0	52.6508	0	0	-63.9335	0
Oahu	2040-12-15-04:00	733.612	0	0	150	655.666	0	293.513	0	0	-65.5666	0
Oahu	2040-12-15-06:00	909.085	0	0	150	740.9	0	392.275	0	0	-74.09	0
Oahu	2040-12-15-08:00	1305.2	0	0	0	855.317	0.82937	327.512	0	0	-28.4599	150
Oahu	2040-12-15-10:00	1611.76	0	0	0	889.105	133.33	524.714	0	0	-85.385	150
Oahu	2040-12-15-12:00	1930.81	0	0	0	881.228	133.33	445.644	0	0	320.609	150
Oahu	2040-12-15-14:00	1756.15	0	0	0	860.486	133.33	271.237	0	0	341.1	150
Oahu	2040-12-15-16:00	1335.22	0	0	0	870.133	24.507	312.053	0	0	-21.4693	150
Oahu	2040-12-15-18:00	1098.62	0	0	150	912.991	0	426.93	0	0	-91.2991	0
Oahu	2040-12-15-20:00	1053.14	0	0	150	859.788	0	429.332	0	0	-85.9788	0
Oahu	2040-12-15-22:00	737.59	0	0	97.5	772.409	0	139.923	0	0	-77.2409	0
Oahu	2040-12-18-00:00	939.287	0	0	0	651.952	0	352.531	0	0	-65.1952	0
Oahu	2040-12-18-02:00	962.242	0	0	0	617.178	0	406.782	0	0	-61.7178	0
Oahu	2040-12-18-04:00	942.393	0	0	0	664.723	0	344.142	0	0	-66.4723	0
Oahu	2040-12-18-06:00	1033.34	0	0	0	827.871	0	288.259	0	0	-82.7871	0
Oahu	2040-12-18-08:00	1193.11	0	0	0	877.212	0	403.622	0	0	-87.7212	0
Oahu	2040-12-18-10:00	1147	0	0	0	902.157	0	335.062	0	0	-90.2157	0
Oahu	2040-12-18-12:00	1468.36	0	0	0	913.454	83.9485	237.614	0	0	233.346	0
Oahu	2040-12-18-14:00	1621.46	0	0	0	906.609	83.9485	235.098	0	0	395.808	0
Oahu	2040-12-18-16:00	1315.75	0	0	0	902.674	83.9485	241.601	0	0	87.5306	0
Oahu	2040-12-18-18:00	1048.95	0	0	120	966.469	0	299.128	0	0	-96.6469	0
Oahu	2040-12-18-20:00	1053.36	0	0	0	891.558	0	250.959	0	0	-89.1558	0
Oahu	2040-12-18-22:00	911.934	0	0	0	767.723	0	220.984	0	0	-76.7723	0
Oahu	2040-12-19-00:00	610.566	0	0	0	654.278	0	21.716	0	0	-65.4278	0
Oahu	2040-12-19-02:00	695.093	0	0	0	621.529	0	135.717	0	0	-62.1529	0
Oahu	2040-12-19-04:00	1008.58	0	0	0	669.583	0	405.957	0	0	-66.9583	0
Oahu	2040-12-19-06:00	1020.34	0	0	150	829.949	0	423.388	0	0	-82.9949	0
Oahu	2040-12-19-08:00	1298.51	0	0	0	887.389	54.776	445.086	0	0	-88.7389	0
Oahu	2040-12-19-10:00	1550.52	0	0	0	920.278	26.4369	533.619	0	0	-79.818	150
Oahu	2040-12-19-12:00	1585.39	0	0	0	919.239	106.246	365.567	0	0	106.689	87.647
Oahu	2040-12-19-14:00	1695.97	0	0	0	918.837	106.246	228.291	0	0	301.693	140.906
Oahu	2040-12-19-16:00	1501.35	0	0	0	916.645	0	283.015	0	0	301.693	0
Oahu	2040-12-19-18:00	1084.18	0	0	150	968.976	0	362.098	0	0	-96.8976	0
Oahu	2040-12-19-20:00	1012.06	0	0	111.486	898.832	0	314.599	0	0	-89.8832	0
Oahu	2040-12-19-22:00	791.567	0	0	0	772.04	0	96.7311	0	0	-77.204	0
Oahu	2045-01-09-00:00	782.276	0	113.437	0	665.985	268.056	28.2711	0	0	-66.5985	0
Oahu	2045-01-09-02:00	634.553	0	113.437	65.0629	634.419	9.82875	232.247	0	0	-63.4419	0
Oahu	2045-01-09-04:00	945.628	0	136.079	150	675.904	0	623.394	0	0	-67.5904	0
Oahu	2045-01-09-06:00	1011	0	136.079	150	815.932	0	562.736	0	0	-81.5932	0
Oahu	2045-01-09-08:00	1755.53	0	0	0	899.375	0	680.187	115.266	0	-89.3016	150
Oahu	2045-01-09-10:00	2068.28	0	0	0	953.581	0	677.274	115.266	0	172.154	150
Oahu	2045-01-09-12:00	1916.83	0	0	0	966.556	138.942	373.91	115.266	0	172.154	150
Oahu	2045-01-09-14:00	2015.29	0	0	0	974.271	138.942	241.413	115.266	0	395.397	150
Oahu	2045-01-09-16:00	1329.15	0	0	0	968.379	0	324.806	0	0	-96.8379	132.805
Oahu	2045-01-09-18:00	1018.05	0	136.079	150	1020.53	0	385.654	0	0	-102.053	0
Oahu	2045-01-09-20:00	824.597	0	136.079	150	930.716	0	273.032	0	0	-93.0716	0
Oahu	2045-01-09-22:00	631.433	0	136.079	19.1968	792.166	0	73.7599	0	0	-79.2166	0
Oahu	2045-04-21-00:00	826.62	0	0	0	674.186	47.9709	38.5745	115.266	18.0401	-67.4186	0
Oahu	2045-04-21-02:00	806.419	0	0	110.376	642.001	0	205.688	115.266	18.0401	-64.2001	0
Oahu	2045-04-21-04:00	1078.61	0	0	145.468	692.518	0	566.179	25.8806	8.75485	-69.2518	0
Oahu	2045-04-21-06:00	1209.72	0	0	132.95	853.757	0	530.369	25.8806	18.0401	-85.3757	0
Oahu	2045-04-21-08:00	1756.72	0	0	0	935.186	0	631.741	115.266	18.0401	-93.5186	150
Oahu	2045-04-21-10:00	1804.31	0	0	0	975.025	0	643.48	115.266	18.0401	-97.5025	150
Oahu	2045-04-21-12:00	2007.9	0	0	0	984.099	53.7833	394.175	115.266	18.0401	292.539	150
Oahu	2045-04-21-14:00	2093.86	0	0	0	986.077	224.101	274.49	115.266	18.0401	325.887	150
Oahu	2045-04-21-16:00	1726.69	0	0	0	972.877	0	341.249	115.266	18.0401	129.254	150
Oahu	2045-04-21-18:00	1242.38	0	0	78.9817	979.509	0	415.296	6.46389	18.0401	-97.9509	0
Oahu	2045-04-21-20:00	1022.1	0	0	150	938.185	0	321.265	6.46389	0	-93.8185	0
Oahu	2045-04-21-22:00	875.557	0	0	79.7243	786.443	0	114.177	115.266	18.0401	-78.6443	0
Oahu	2045-05-01-00:00	839.277	0	0	54.6716	684.077	117.826	42.0696	100.343	18.0401	-68.4077	0
Oahu	2045-05-01-02:00	779.672	0	0	118.99	654.024	11.5892	180.068	100.343	18.0401	-65.4024	0
Oahu	2045-05-01-04:00	998.492	0	0	150	700.656	0	517.901	0	0	-70.0656	0
Oahu	2045-05-01-06:00	1201.3	0	0	97.168	867.752	0	507.907	0	9.58079	-86.7752	0
Oahu	2045-05-01-08:00	1717.98	0	0	0	941.769	0	587.087	115.266	18.0401	-94.1769	150
Oahu	2045-05-01-10:00	1975.21	0	0	0	977.277	0	623.684	115.266	18.0401	90.9401	150
Oahu	2045-05-01-12:00	1954.52	0	0	0	985.141	0	417.212	115.266	18.0401	268.858	150
Oahu	2045-05-01-14:00	2103.41	0	0	0	988.766	138.942	298.53	115.266	18.0401	393.861	150
Oahu	2045-05-01-16:00	1654.61	0	0	0	975.665	138.942	354.212	115.266	18.0401	-97.513	150
Oahu	2045-05-01-18:00	1273.59	0	0	44.9034	975.13	0	440.876	0	0	-97.513	0
Oahu	2045-05-01-20:00	1059.46	0	0	150	938.636	0	364.687	0	0	-93.8636	0
Oahu	2045-05-01-22:00	873.128	0	0	81.7672	799.41	49.0541	142.451	25.8806	18.0401	-79.941	0
Oahu	2045-05-17-00:00	773.219	0	0	41.0402	681.222	139.054	21.8976	22.1681	18.0401	-68.1222	0
Oahu	2045-05-17-02:00	746.355	0	0	150	647.157	107.003	180.913	22.1681	3.82849	-64.7157	0
Oahu	2045-05-17-04:00	985.61	0	18.7957	150	681.54	0	541.02	0	0	-68.154	0
Oahu	2045-05-17-06:00	1355.32	0	0	79.9238	851.141	0	535.911	115.266	18.0401	-85.1141	0
Oahu	2045-05-17-08:00	1899.21	0	0	0	937.621	0	595.033	115.266	18.0401	83.2541	150
Oahu	2045-05-17-10:00	2008.2	0	0	0	977.447	0	664.188	115.266	18.0401	83.2541	150
Oahu	2045-05-17-12:00	1938.97	0	0	0	987.751	157.35	427.304	115.266	18.0401	83.2541	150
Oahu	2045-05-17-14:00	1697.42	0	0	0	987.931	0	273.246	115.266	18.0401	152.934	150
Oahu	2045-05-17-16:00	1879.01	0	0	0	977.481	120.535	344.758	115.266	18.0401	152.934	150
Oahu	2045-05-17-18:00	1256.07	0	0	37.8908	959.227	0	430.654	0	0	-95.9227	0
Oahu	2045-05-17-20:00	1039.16	0	9.38381	150	938.847	0	353.585	0	0	-93.8847	0
Oahu	2045-05-17-22:00	790.968	0	0	88.6452	797.161	31.8269	108.174	22.1681	0	-79.7161	0
Oahu	2045-07-09-00:00	801.829	0	0	150	705.335	173.831	15.1476	110.009	18.0401	-70.5335	0
Oahu	2045-07-09-02:00	784.005	0	0	150	669.117	49.0541	154.697	110.009	18.0401	-66.9117	0
Oahu	2045-07-09-04:00	1012.56	0	0	150	713.125	0	502.703	0	18.0401	-71.3125	0
Oahu	2045-07-09-06:00	1434.46	0	0	0	857.014	0	526.963	115.266	18.0401	-85.7014	2.87368
Oahu	2045-07-09-08:00	1993.58	0	0	0	963.618	0	552.673	115.266	18.0401	193.985	150
Oahu	2045-07-09-10:00	2153.07	0	0	0	1011.33	0	664.449	115.266	18.0401	193.985	150
Oahu	2045-07-09-12:00	1954.05	0	0	0	1022.9	0	456.463	115.266	18.0401	193.985	147.402
Oahu	2045-07-09-14:00	1819.13	0	0	0	1022.35	138.942	285.236	115.266	18.0401	89.3008	150
Oahu	2045-07-09-16:00	1688.55	0	0	0	1011.19	138.942	353.375	115.266	18.0401	-98.2696	150
Oahu	2045-07-09-18:00	1537.64	0	0	0	982.696	0	452.001	115.266	18.0401	-98.2696	67.9065
Oahu	2045-07-09-20:00	1134.06	0	0	150	969.975	0	393.038	0	18.0401	-96.9975	0
Oahu	2045-07-09-22:00	842.961	0	0	150	832.589	3.1609	119.938	102.493	18.0401	-83.2589	0
Oahu	2045-07-21-00:00	678.218	0	0	134.294	747.66	0	8.76202	112.816	18.0401	-74.766	0
Oahu	2045-07-21-02:00	881.355	0	0	0	703.929	0	116.964	112.816	18.0401	-70.3929	0
Oahu	2045-07-21-04:00	949.866	0	0	150	708.721	0	443.977	0	18.0401	-70.8721	0
Oahu	2045-07-21-06:00	1355.01	0	0	0	791.274	0	509.557	115.266	18.0401	-79.1274	0
Oahu	2045-07-21-08:00	1638.95	0	0	0	919.574	51.5633	490.627	115.266	18.0401	-9.2415	53.119
Oahu	2045-07-21-10:00	1871.16	0	0	0	968.991	51.5633	658.209	115.266	18.0401	-9.2415	68.3335
Oahu	2045-07-21-12:00	2090.81	0	0	0	966.152	51.5633	496.632	115.266	18.0401	293.155	150
Oahu	2045-07-21-14:00	1987.49	0	0	0	957.835	51.5633	306.559	115.266	18.0401	388.227	150
Oahu	2045-07-21-16:00	1429.4	0	0	0	958.604	0	367.277	115.266	18.0401	-95.8604	66.0711
Oahu	2045-07-21-18:00	1451.57	0	0	0	947.074	0	484.283	96.879	18.0401	-94.7074	0
Oahu	2045-07-21-20:00	1160.88	0	0	150	934.899	0	451.43	0	18.0401	-93.4899	0
Oahu	2045-07-21-22:00	967.764	0	0	61.0993	836.834	0	142.407	115.266	18.0401	-83.6834	0
Oahu	2045-07-27-00:00	850.068	0	0	5.52811	726.661	57.6663	10.6284	115.266	18.0401	-72.6661	0
Oahu	2045-07-27-02:00	864.786	0	0	63.8233	677.382	57.6663	127.992	115.266	18.0401	-67.7382	0
Oahu	2045-07-27-04:00	993.115	0	0	150	681.487	0	461.142	50.5949	18.0401	-68.1487	0
Oahu	2045-07-27-06:00	1305.46	0	0	0	730.561	0	514.645	115.266	18.0401	-73.0561	0
Oahu	2045-07-27-08:00	1473.73	0	0	0	850.287	0	508.762	115.266	18.0401	-85.0287	66.4064
Oahu	2045-07-27-10:00	2105.72	0	0	0	912.399	26.8917	660.033	115.266	18.0401	223.093	150
Oahu	2045-07-27-12:00	1971.76	0	0	0	922.543	26.8917	484.891	115.266	18.0401	254.132	150
Oahu	2045-07-27-14:00	1990.5	0	0	0	928.632	224.101	300.326	115.266	18.0401	254.132	150
Oahu	2045-07-27-16:00	1496.34	0	0	0	944.24	0	363.214	115.266	18.0401	-94.424	150
Oahu	2045-07-27-18:00	1225.29	0	0	150	934.672	0	474.848	41.1978	18.0401	-93.4672	0
Oahu	2045-07-27-20:00	1150.58	0	0	150	942.212	0	434.363	0.185288	18.0401	-94.2212	0
Oahu	2045-07-27-22:00	898.814	0	0	113.781	826.056	0	135.839	115.266	18.0401	-82.6056	0
Oahu	2045-08-25-00:00	704.005	0	0	30.4768	735.23	0.718247	72.0571	0	0	-73.523	0
Oahu	2045-08-25-02:00	718.065	0	0	111.957	688.555	0	210.322	0	0	-68.8555	0
Oahu	2045-08-25-04:00	903.609	0	111.962	150	696.969	0	538.298	0	0	-69.6969	0
Oahu	2045-08-25-06:00	1084.98	0	0	105.067	779.986	0	488.06	0	0	-77.9986	0
Oahu	2045-08-25-08:00	1973.63	0	0	0	927.898	38.6839	628.81	115.266	0	112.971	150
Oahu	2045-08-25-10:00	2015.2	0	0	0	977.952	79.7335	579.277	115.266	0	112.971	150
Oahu	2045-08-25-12:00	1799.1	0	0	0	969.58	79.7335	371.549	115.266	0	112.971	150
Oahu	2045-08-25-14:00	1730.48	0	0	0	960.716	79.7335	311.798	115.266	0	112.971	150
Oahu	2045-08-25-16:00	1701.24	0	0	0	968.749	0	354.257	115.266	0	112.971	150
Oahu	2045-08-25-18:00	1084.87	0	60.8349	150	965.647	0	426.62	0	0	-96.5647	0
Oahu	2045-08-25-20:00	1113.65	0	60.8349	0	938.48	0	329.857	0	0	-93.848	0
Oahu	2045-08-25-22:00	756.879	0	18.2142	150	843.683	0	165.779	0	0	-84.3683	0
Oahu	2045-09-10-00:00	751.688	0	0	0	710.878	82.1245	29.7739	0	0	-71.0878	0
Oahu	2045-09-10-02:00	745.27	0	0	89.6163	679.157	0	223.645	0	0	-67.9157	0
Oahu	2045-09-10-04:00	1004.73	0	101.336	150	721.374	0	606.831	0	0	-72.1374	0
Oahu	2045-09-10-06:00	1094.7	0	101.336	150	879.206	0	554.746	0	0	-87.9206	0
Oahu	2045-09-10-08:00	2027.21	0	0	0	961.008	0	665.088	115.266	0	135.849	150
Oahu	2045-09-10-10:00	2285.07	0	0	0	1009.55	204.437	669.973	115.266	0	135.849	150
Oahu	2045-09-10-12:00	1859.1	0	0	0	1017.49	0	381.466	115.266	0	194.881	150
Oahu	2045-09-10-14:00	1764.27	0	0	0	1017.52	36.7236	249.886	115.266	0	194.881	150
Oahu	2045-09-10-16:00	1554.55	0	0	0	1007.78	36.7236	329.306	115.266	0	-84.5282	150
Oahu	2045-09-10-18:00	1122.36	0	100.929	86.4638	1017.07	0	394.397	0	0	-101.707	0
Oahu	2045-09-10-20:00	896.724	0	100.929	150	955.426	0	287.77	0	0	-95.5426	0
Oahu	2045-09-10-22:00	737.983	0	0	71.4199	806.225	0	83.8007	0	0	-80.6225	0
Oahu	2045-10-03-00:00	869.078	0	0	34.172	712.624	135.887	126.002	0	0	-71.2624	0
Oahu	2045-10-03-02:00	865.594	0	0	86.5687	681.649	71.0144	267.664	0	0	-68.1649	0
Oahu	2045-10-03-04:00	975.561	0	127.728	150	726.492	0	599.447	0	0	-72.6492	0
Oahu	2045-10-03-06:00	1012.15	0	134.432	150	885.619	0	499.52	0	0	-88.5619	0
Oahu	2045-10-03-08:00	1841.84	0	0	0	974.018	0	699.962	115.266	0	-97.4018	150
Oahu	2045-10-03-10:00	2247.99	0	0	0	1014.17	229.705	570.56	115.266	0	168.292	150
Oahu	2045-10-03-12:00	1781.71	0	0	0	1024.29	16.0599	307.241	115.266	0	168.857	150
Oahu	2045-10-03-14:00	1747.6	0	0	0	1018.36	16.0599	279.051	115.266	0	168.857	150
Oahu	2045-10-03-16:00	1774.46	0	0	0	993.553	16.0599	330.721	115.266	0	168.857	150
Oahu	2045-10-03-18:00	1253.55	0	26.1643	0	1004.27	0	375.869	0	0	-100.427	0
Oahu	2045-10-03-20:00	916.621	0	26.1643	150	938.833	0	247.836	0	0	-93.8833	0
Oahu	2045-10-03-22:00	859.649	0	0	126.759	825.126	70.9833	172.812	0	0	-82.5126	0
Oahu	2045-11-08-00:00	916.522	0	0	0	705.33	107.945	59.6941	96.0451	18.0401	-70.533	0
Oahu	2045-11-08-02:00	921.848	0	0	62.1146	668.914	107.945	207.056	53.9885	12.9507	-66.8914	0
Oahu	2045-11-08-04:00	1005.87	0	0	150	677.756	0	545.89	0	0	-67.7756	0
Oahu	2045-11-08-06:00	1033.53	0	0	150	756.58	0	502.607	0	0	-75.658	0
Oahu	2045-11-08-08:00	1694.44	0	0	0	870.984	0	627.25	115.266	18.0401	-87.0984	150
Oahu	2045-11-08-10:00	1768.08	0	0	0	915.355	0	602.203	115.266	18.0401	-32.786	150
Oahu	2045-11-08-12:00	1964.82	0	0	0	923.627	0	381.417	115.266	18.0401	376.467	150
Oahu	2045-11-08-14:00	2142.28	0	0	0	905.394	277.884	299.223	115.266	18.0401	376.467	150
Oahu	2045-11-08-16:00	1450.23	0	0	0	907.534	0	350.146	115.266	18.0401	-90.7534	150
Oahu	2045-11-08-18:00	1122.67	0	0	150	943.085	0	423.892	0	0	-94.3085	0
Oahu	2045-11-08-20:00	972.195	0	0	150	881.086	0	329.218	0	0	-88.1086	0
Oahu	2045-11-08-22:00	903.933	0	0	35.3854	790.216	61.9944	148.089	0	18.0401	-79.0216	0
Oahu	2045-12-05-00:00	692.295	0	0	0	682.486	67.695	10.3618	0	0	-68.2486	0
Oahu	2045-12-05-02:00	729.934	0	0	35.0986	651.18	52.5533	126.417	0	0	-65.118	0
Oahu	2045-12-05-04:00	798.871	0	135.208	150	694.876	0	458.69	0	0	-69.4876	0
Oahu	2045-12-05-06:00	1006.23	0	135.208	150	863.916	0	513.918	0	0	-86.3916	0
Oahu	2045-12-05-08:00	1715.36	0	0	0	925.655	0	506.172	115.266	0	18.2692	150
Oahu	2045-12-05-10:00	1902.87	0	0	0	959.558	0	659.772	115.266	0	18.2692	150
Oahu	2045-12-05-12:00	2054.73	0	0	0	967.203	33.3481	486.568	115.266	0	302.339	150
Oahu	2045-12-05-14:00	1855.46	0	0	0	953.293	33.3481	301.216	115.266	0	302.339	150
Oahu	2045-12-05-16:00	1687.63	0	0	0	937.158	211.188	363.794	115.266	0	-89.7802	150
Oahu	2045-12-05-18:00	1075.59	0	106.943	150	951.483	0	476.195	0	0	-95.1483	0
Oahu	2045-12-05-20:00	976.294	0	106.943	150	884.929	0	436.801	0	0	-88.4929	0
Oahu	2045-12-05-22:00	830.38	0	0	62.4014	785.499	49.0541	136.777	0	0	-78.5499	0
Oahu	2045-12-08-00:00	763.233	0	136.079	0	661.585	223.082	80.8031	0	0	-66.1585	0
Oahu	2045-12-08-02:00	708.11	0	136.079	0	634.904	54.802	217.974	0	0	-63.4904	0
Oahu	2045-12-08-04:00	898.702	0	136.079	92.1072	686.802	0	508.767	0	0	-68.6802	0
Oahu	2045-12-08-06:00	1083.77	0	136.079	41.4056	852.603	0	493.917	0	0	-85.2603	0
Oahu	2045-12-08-08:00	1341.38	0	59.682	0	918.115	0	574.757	0	0	-91.8115	0
Oahu	2045-12-08-10:00	1668.01	0	1.69018	0	950.484	70.8463	606.069	0	0	-91.8115	134.113
Oahu	2045-12-08-12:00	1858.7	0	1.69018	0	955.813	70.8463	407.886	0	0	405.538	20.3051
Oahu	2045-12-08-14:00	1869.21	0	0	0	953.159	136.192	295.762	0	0	405.538	78.5603
Oahu	2045-12-08-16:00	1207.13	0	0	0	936.496	0	347.479	0	0	-76.85	0
Oahu	2045-12-08-18:00	1052.99	0	136.079	135.476	989.653	0	433.859	0	0	-98.9653	0
Oahu	2045-12-08-20:00	1013.84	0	136.079	30.4051	910.477	0	360.898	0	0	-91.0477	0
Oahu	2045-12-08-22:00	705.444	0	136.079	0	770.012	0	148.513	0	0	-77.0012	0
Oahu	2045-12-15-00:00	961.67	0	0	26.87	698.146	179.776	47.1252	115.266	18.0401	-69.8146	0
Oahu	2045-12-15-02:00	965.283	0	0	26.6904	653.189	49.0541	221.743	115.266	18.0401	-65.3189	0
Oahu	2045-12-15-04:00	1039.4	0	0	150	670.058	0	584.903	0	1.44181	-67.0058	0
Oahu	2045-12-15-06:00	1080.18	0	0	150	758.103	0	529.845	0	18.0401	-75.8103	0
Oahu	2045-12-15-08:00	1728.23	0	0	0	876.293	0	656.257	115.266	18.0401	-87.6293	150
Oahu	2045-12-15-10:00	2125.03	0	0	0	911.195	0	634.543	115.266	18.0401	295.983	150
Oahu	2045-12-15-12:00	1856.28	0	0	0	903.058	0	373.928	115.266	18.0401	295.983	150
Oahu	2045-12-15-14:00	1732.54	0	0	0	881.632	277.884	272.541	115.266	18.0401	17.1779	150
Oahu	2045-12-15-16:00	1530.04	0	0	0	891.597	0	337.96	115.266	18.0401	17.1779	150
Oahu	2045-12-15-18:00	1174.94	0	0	150	935.869	0	404.288	60.3258	18.0401	-93.5869	0
Oahu	2045-12-15-20:00	1020.42	0	0	150	880.912	0	299.234	60.3258	18.0401	-88.0912	0
Oahu	2045-12-15-22:00	964.322	0	0	43.9396	790.651	49.0541	114.316	115.266	18.0401	-79.0651	0
Oahu	2045-12-18-00:00	889.247	0	0	0	666.222	173.119	116.529	0	0	-66.6222	0
Oahu	2045-12-18-02:00	917.542	0	0	0	630.302	104.766	245.505	0	0	-63.0302	0
Oahu	2045-12-18-04:00	968.732	0	0	150	679.414	0	507.26	0	0	-67.9414	0
Oahu	2045-12-18-06:00	1081.64	0	0	150	847.942	0	468.489	0	0	-84.7942	0
Oahu	2045-12-18-08:00	1455.63	0	0	0	898.91	0	588.85	0	0	-89.891	57.7564
Oahu	2045-12-18-10:00	1602.66	0	0	0	924.678	0	562.176	58.2706	0	-92.4678	150
Oahu	2045-12-18-12:00	1776.67	0	0	0	936.347	0	377.744	113.277	0	199.303	150
Oahu	2045-12-18-14:00	2080.21	0	0	0	929.276	94.1875	311.286	113.277	0	482.185	150
Oahu	2045-12-18-16:00	1775.41	0	0	0	925.211	183.697	348.91	115.266	0	52.324	150
Oahu	2045-12-18-18:00	1099.16	0	71.0629	150	991.11	0	428.223	0	0	-99.111	0
Oahu	2045-12-18-20:00	947.503	0	71.0629	150	913.73	0	346.209	0	0	-91.373	0
Oahu	2045-12-18-22:00	856.26	0	0	26.4724	785.81	0	175.504	0	0	-78.581	0
Oahu	2045-12-19-00:00	846.879	0	0	13.4447	668.625	138.83	119.731	0	0	-66.8625	0
Oahu	2045-12-19-02:00	881.422	0	0	56.0123	634.796	139.054	227.063	0	0	-63.4796	0
Oahu	2045-12-19-04:00	992.268	0	0	150	684.435	0	526.276	0	0	-68.4435	0
Oahu	2045-12-19-06:00	1073.31	0	0	150	850.089	0	458.227	0	0	-85.0089	0
Oahu	2045-12-19-08:00	1739.06	0	0	0	909.422	0	637.277	115.266	18.0401	-90.9422	150
Oahu	2045-12-19-10:00	1707.63	0	0	0	943.396	48.1278	529.074	115.266	16.1023	-94.3396	150
Oahu	2045-12-19-12:00	1826.98	0	0	0	942.323	48.1278	340.177	115.266	0	231.085	150
Oahu	2045-12-19-14:00	2204.74	0	0	0	941.908	48.1278	328.917	115.266	18.0401	602.477	150
Oahu	2045-12-19-16:00	1619.19	0	0	0	939.643	133.501	356.702	115.266	18.0401	-93.9643	150
Oahu	2045-12-19-18:00	1091.4	0	74.5927	150	993.7	0	421.666	0	0	-99.37	0
Oahu	2045-12-19-20:00	997.113	0	0	150	921.243	0	317.994	0	0	-92.1243	0
Oahu	2045-12-19-22:00	896.781	0	0	28.043	790.27	0	213.581	0	0	-79.027	0
